cidade;ano;pib;mat1517;veiculos;motos;populacao;pop1519;pop2024;pop2529;pop60p;ibge;jovem;pjovem;pmotos;pmat;rodovia
Adamantina;2010;639091;95;19331;4556;33794;2673;2760;2492;17,56;3500105;7925;23,45090845;23,5683617;0,280996627;23
Adamantina;2011;683689;92;20613;4987;33811;2573;2734;2538;17,93;3500105;7845;23,20250806;24,19347014;0,271982491;23
Adamantina;2012;743684;89;21879;5389;33828;2477;2711;2583;18,29;3500105;7771;22,97209412;24,63092463;0,264100745;23
Adamantina;2013;815579;94;22969;5608;33845;2382;2687;2628;18,67;3500105;7697;22,74191166;24,41551657;0,276673068;23
Adamantina;2014;883055;97;23966;5845;33862;2289;2662;2670;19,04;3500105;7621;22,50605398;24,38871735;0,286397732;23
Adamantina;2015;753020;101;24839;6104;33879;2200;2636;2716;19,41;3500105;7552;22,29109478;24,57425822;0,297499926;23
Adamantina;2016;753020;;;;33882;2134;2539;2695;19,89;3500105;7368;21,74605985;;;23
Adolfo;2010;61059;73;1390;273;3558;268;288;260;15,88;3500204;816;22,93423272;19,64028777;2,063518831;4
Adolfo;2011;68414;78;1498;285;3547;263;289;263;16,32;3500204;815;22,9771638;19,02536716;2,200733014;4
Adolfo;2012;53200;76;1672;314;3535;259;283;266;16,8;3500204;808;22,85714286;18,77990431;2,163224894;4
Adolfo;2013;73529;79;1826;331;3523;256;274;269;17,29;3500204;799;22,67953449;18,12705367;2,255747942;4
Adolfo;2014;79414;90;1961;336;3512;251;262;279;17,85;3500204;792;22,55125285;17,13411525;2,562642369;4
Adolfo;2015;67123;86;2074;351;3501;247;256;274;18,45;3500204;777;22,19365895;16,92381871;2,467580691;4
Adolfo;2016;67123;;;;3490;241;252;272;19,08;3500204;765;21,91977077;;;4
Aguai;2010;549175;57;13527;3782;32113;2837;2900;2978;11,76;3500303;8715;27,13854202;27,95889702;0,176595148;63
Aguai;2011;573702;56;14581;4174;32464;2817;2916;2996;11,97;3500303;8729;26,88824544;28,62629449;0,172159931;63
Aguai;2012;568190;56;15706;4463;32820;2796;2931;3006;12,22;3500303;8733;26,60877514;28,41589202;0,171511274;63
Aguai;2013;660870;57;16944;4735;33179;2772;2945;3024;12,45;3500303;8741;26,34497724;27,94499528;0,170830947;63
Aguai;2014;747278;58;17911;4990;33542;2749;2957;3037;12,69;3500303;8743;26,06582792;27,85997432;0,173006976;63
Aguai;2015;619843;57;18703;5205;33909;2725;2969;3047;12,96;3500303;8741;25,7778171;27,82975993;0,166681412;63
Aguai;2016;619843;;;;34242;2653;2944;3059;13,29;3500303;8656;25,27889726;;;63
Aguas da Prata;2010;96964;55;3148;609;7580;582;592;547;18,52;3500402;1721;22,70448549;19,34561626;0,72651715;27
Aguas da Prata;2011;89260;47;3406;700;7604;570;599;559;18,79;3500402;1728;22,72488164;20,55196712;0,618227249;27
Aguas da Prata;2012;101170;46;3661;764;7628;556;608;573;19,07;3500402;1737;22,77136864;20,86861513;0,609071841;27
Aguas da Prata;2013;111413;40;3863;808;7652;544;609;587;19,37;3500402;1740;22,73915316;20,91638623;0,523523262;27
Aguas da Prata;2014;121399;40;4053;839;7676;532;608;600;19,66;3500402;1740;22,66805628;20,70071552;0,52696717;27
Aguas da Prata;2015;104041;38;4212;870;7700;520;603;615;19,95;3500402;1738;22,57142857;20,65527066;0,496233766;27
Aguas da Prata;2016;104041;;;;7720;507;589;621;20,38;3500402;1717;22,24093264;;;27
Aguas de Lindoia;2010;233684;61;8612;2495;17257;1316;1354;1475;15,16;3500501;4145;24,01923857;28,97120297;0,353132062;7
Aguas de Lindoia;2011;267589;61;9292;2673;17374;1322;1350;1449;15,37;3500501;4121;23,71935075;28,76668102;0,34885461;7
Aguas de Lindoia;2012;279456;62;9971;2864;17493;1327;1345;1433;15,59;3500501;4105;23,46652947;28,72329756;0,353112674;7
Aguas de Lindoia;2013;351799;61;10579;3042;17610;1333;1340;1411;15,81;3500501;4084;23,19136854;28,75508082;0,348040886;7
Aguas de Lindoia;2014;365469;57;11204;3234;17731;1337;1335;1389;16,02;3500501;4061;22,90338954;28,86469118;0,321865659;7
Aguas de Lindoia;2015;299599;58;11794;3369;17851;1341;1328;1367;16,23;3500501;4036;22,60937763;28,56537222;0,323567307;7
Aguas de Lindoia;2016;299599;;;;17954;1290;1334;1364;16,55;3500501;3988;22,21232037;;;7
Aguas de Santa Barbara;2010;132255;57;2342;367;5598;446;402;429;14,92;3500550;1277;22,81171847;15,67036721;1,009646302;48
Aguas de Santa Barbara;2011;139132;68;2545;401;5632;459;410;423;15,22;3500550;1292;22,94034091;15,75638507;1,204545455;48
Aguas de Santa Barbara;2012;95593;71;2837;441;5665;472;420;420;15,53;3500550;1312;23,15975287;15,54458935;1,254721977;48
Aguas de Santa Barbara;2013;114127;66;3128;455;5700;483;429;414;15,88;3500550;1326;23,26315789;14,54603581;1,15754386;48
Aguas de Santa Barbara;2014;126621;62;3321;482;5734;498;437;407;16,24;3500550;1342;23,40425532;14,51370069;1,079002442;48
Aguas de Santa Barbara;2015;121546;66;3507;510;5769;509;445;401;16,64;3500550;1355;23,48760617;14,54234388;1,149939331;48
Aguas de Santa Barbara;2016;121546;;;;5801;488;457;409;17,01;3500550;1354;23,34080331;;;48
Aguas de Sao Pedro;2010;69352;140;1752;253;2699;201;150;173;24,94;3500600;524;19,414598;14,44063927;5,198962579;5
Aguas de Sao Pedro;2011;71429;137;1887;266;2743;201;164;174;25,05;3500600;539;19,65001823;14,09644939;4,979584397;5
Aguas de Sao Pedro;2012;81883;139;2053;273;2788;202;179;176;25,04;3500600;557;19,9784792;13,29761325;4,968436155;5
Aguas de Sao Pedro;2013;96809;132;2192;281;2834;202;195;177;25,02;3500600;574;20,25405787;12,81934307;4,646083275;5
Aguas de Sao Pedro;2014;113804;122;2317;285;2880;203;214;179;24,65;3500600;596;20,69444444;12,30038843;4,230902778;5
Aguas de Sao Pedro;2015;86655;105;2403;306;2928;203;233;180;24,49;3500600;616;21,03825137;12,7340824;3,594945355;5
Aguas de Sao Pedro;2016;86655;;;;2966;195;233;194;24,65;3500600;622;20,97100472;;;5
Agudos;2010;1736271;72;13011;3047;34506;3089;3074;2989;11,36;3500709;9152;26,52292355;23,41864576;0,207703008;48
Agudos;2011;1742627;73;14384;3405;34678;3064;3069;2996;11,7;3500709;9129;26,32504758;23,67213571;0,210162062;48
Agudos;2012;1928539;73;15625;3680;34851;3037;3061;3002;12,06;3500709;9100;26,11115893;23,552;0,209549224;48
Agudos;2013;1900412;75;16820;3979;35024;3010;3054;3008;12,42;3500709;9072;25,90223847;23,65636147;0,215537917;48
Agudos;2014;2096342;77;17921;4211;35199;2982;3047;3010;12,79;3500709;9039;25,67970681;23,49757268;0,219125543;48
Agudos;2015;1880838;75;18770;4421;35374;2953;3038;3013;13,17;3500709;9004;25,45372307;23,55354289;0,210974162;48
Agudos;2016;1880838;;;;35525;2834;3016;3009;13,57;3500709;8859;24,93736805;;;48
Alambari;2010;61603;76;1225;343;4872;415;428;445;11,72;3500758;1288;26,43678161;28;1,565681445;46
Alambari;2011;61385;72;1419;418;4962;431;435;452;11,93;3500758;1318;26,56187021;29,45736434;1,443974204;46
Alambari;2012;60505;76;1613;469;5054;449;444;464;12,15;3500758;1357;26,85001979;29,07625542;1,503957262;46
Alambari;2013;70363;81;1773;526;5148;472;452;468;12,39;3500758;1392;27,03962704;29,66723068;1,574397824;46
Alambari;2014;70467;72;1939;576;5244;492;459;474;12,62;3500758;1425;27,17391304;29,70603404;1,376811594;46
Alambari;2015;64865;65;2060;602;5341;504;467;481;12,9;3500758;1452;27,18592024;29,22330097;1,223553642;46
Alambari;2016;64865;;;;5426;497;482;488;13,18;3500758;1467;27,03649097;;;46
Alfredo Marcondes;2010;36694;75;1431;269;3889;293;307;250;20,31;3500808;850;21,85651839;18,79804333;1,928516328;11
Alfredo Marcondes;2011;38980;69;1602;313;3895;286;314;262;20,51;3500808;862;22,1309371;19,5380774;1,783311938;11
Alfredo Marcondes;2012;53293;68;1739;339;3900;279;312;274;20,69;3500808;865;22,17948718;19,49396205;1,735384615;11
Alfredo Marcondes;2013;65727;72;1876;352;3905;273;307;288;20,92;3500808;868;22,22791293;18,76332623;1,852240717;11
Alfredo Marcondes;2014;73694;77;2039;372;3910;266;306;301;21,2;3500808;873;22,32736573;18,24423737;1,96342711;11
Alfredo Marcondes;2015;53678;67;2169;393;3916;260;300;315;21,5;3500808;875;22,3442288;18,11894882;1,713738509;11
Alfredo Marcondes;2016;53678;;;;3919;255;293;322;21,77;3500808;870;22,1995407;;;11
Altair;2010;74902;61;977;98;3813;338;346;383;10,96;3500907;1067;27,98321532;10,03070624;1,596905324;17
Altair;2011;86739;64;1040;107;3836;334;343;379;11,21;3500907;1056;27,5286757;10,28846154;1,6637122;17
Altair;2012;92633;57;1149;114;3860;331;341;369;11,42;3500907;1041;26,96891192;9,921671018;1,480310881;17
Altair;2013;96738;58;1229;117;3883;328;339;358;11,64;3500907;1025;26,39711563;9,519934906;1,486737059;17
Altair;2014;97889;65;1339;130;3907;323;336;349;11,95;3500907;1008;25,79984643;9,708737864;1,670335296;17
Altair;2015;89780;71;1393;134;3931;320;334;341;12,21;3500907;995;25,31162554;9,619526202;1,803612312;17
Altair;2016;89780;;;;3951;311;330;338;12,48;3500907;979;24,77853708;;;17
Altinopolis;2010;255322;64;6515;540;15606;1300;1285;1331;14,61;3501004;3916;25,09291298;8,28856485;0,408688966;48
Altinopolis;2011;263716;65;7041;615;15597;1296;1279;1311;15,03;3501004;3886;24,91504777;8,734554751;0,41976021;48
Altinopolis;2012;280647;68;7499;670;15588;1287;1271;1289;15,49;3501004;3847;24,67924044;8,934524603;0,435719784;48
Altinopolis;2013;336157;68;7991;728;15580;1280;1263;1267;15,94;3501004;3810;24,45442875;9,11024903;0,43716303;48
Altinopolis;2014;397891;70;8391;751;15571;1272;1255;1245;16,38;3501004;3772;24,22451994;8,950065546;0,447177445;48
Altinopolis;2015;306747;67;8673;781;15562;1269;1245;1222;16,86;3501004;3736;24,00719702;9,004957915;0,430664439;48
Altinopolis;2016;306747;;;;15560;1213;1243;1220;17,29;3501004;3676;23,62467866;;;48
Alto Alegre;2010;59056;65;1702;350;4103;297;341;312;19,69;3501103;950;23,15378991;20,5640423;1,592005849;23
Alto Alegre;2011;67012;71;1807;353;4096;292;334;315;20,17;3501103;941;22,97363281;19,53514112;1,733642578;23
Alto Alegre;2012;80153;72;1954;371;4088;286;319;328;20,67;3501103;933;22,82289628;18,98669396;1,76834638;23
Alto Alegre;2013;73091;59;2087;382;4082;280;309;335;21,14;3501103;924;22,63596276;18,30378534;1,449044586;23
Alto Alegre;2014;91657;70;2228;400;4074;275;299;334;21,7;3501103;908;22,28767796;17,95332136;1,727295042;23
Alto Alegre;2015;74194;65;2312;427;4067;270;290;333;22,23;3501103;893;21,95721662;18,46885813;1,587410868;23
Alto Alegre;2016;74194;;;;4057;258;285;326;22,58;3501103;869;21,4197683;;;23
Aluminio;2010;1566535;80;5016;694;16825;1459;1489;1550;9;3501152;4498;26,73402675;13,83572568;0,476136701;9
Aluminio;2011;1720269;78;5396;737;16941;1471;1478;1528;9,3;3501152;4477;26,42701139;13,65826538;0,461720087;9
Aluminio;2012;1659873;73;5869;820;17059;1482;1464;1516;9,62;3501152;4462;26,15628114;13,97171579;0,426695586;9
Aluminio;2013;1532864;71;6307;872;17176;1492;1452;1489;9,95;3501152;4433;25,80926875;13,82590772;0,410572892;9
Aluminio;2014;1526672;74;6814;926;17296;1503;1439;1470;10,29;3501152;4412;25,50878816;13,58966833;0,428654024;9
Aluminio;2015;1601243;67;7238;994;17415;1511;1425;1448;10,65;3501152;4384;25,17370083;13,73307544;0,382601206;9
Aluminio;2016;1601243;;;;17525;1489;1439;1439;10,97;3501152;4367;24,91868759;;;9
Alvares Florence;2010;92978;73;1323;234;3900;274;251;247;20,82;3501202;772;19,79487179;17,68707483;1,868974359;20
Alvares Florence;2011;95906;72;1421;264;3870;270;253;245;21,32;3501202;768;19,84496124;18,57846587;1,854780362;20
Alvares Florence;2012;111830;73;1569;302;3841;268;256;244;21,97;3501202;768;19,99479302;19,24792862;1,903931268;20
Alvares Florence;2013;97665;63;1659;323;3811;264;257;242;22,62;3501202;763;20,02099187;19,46955998;1,665179743;20
Alvares Florence;2014;86481;70;1757;333;3783;260;258;239;23,24;3501202;757;20,01057362;18,95276039;1,843510441;20
Alvares Florence;2015;96972;68;1804;337;3754;256;260;237;23,92;3501202;753;20,05860416;18,68070953;1,805807139;20
Alvares Florence;2016;96972;;;;3727;239;257;239;24,52;3501202;735;19,72095519;;;20
Alvares Machado;2010;236566;69;9188;2499;23506;2068;2004;1751;13,67;3501301;5823;24,77239854;27,19851981;0,294137667;35
Alvares Machado;2011;272413;69;10028;2805;23525;2038;2005;1787;14,03;3501301;5830;24,78214665;27,9716793;0,294112646;35
Alvares Machado;2012;314146;72;10857;3073;23544;2008;2005;1822;14,42;3501301;5835;24,7833843;28,30431979;0,306489976;35
Alvares Machado;2013;359821;71;11669;3262;23564;1978;2007;1857;14,81;3501301;5842;24,79205568;27,95440912;0,30003395;35
Alvares Machado;2014;389859;67;12505;3471;23583;1945;1999;1892;15,19;3501301;5836;24,74663953;27,75689724;0,285883899;35
Alvares Machado;2015;314561;64;13209;3654;23602;1914;1998;1926;15,59;3501301;5838;24,73519193;27,66295707;0,272942971;35
Alvares Machado;2016;314561;;;;23639;1866;1971;1933;16,03;3501301;5770;24,40881594;;;35
Alvaro de Carvalho;2010;30121;93;782;143;4645;265;546;719;9,84;3501400;1530;32,9386437;18,28644501;2,001291712;15
Alvaro de Carvalho;2011;40786;73;893;166;4684;276;542;736;9,97;3501400;1554;33,17677199;18,58902576;1,56853117;15
Alvaro de Carvalho;2012;37634;70;965;159;4723;288;536;749;10,12;3501400;1573;33,30510269;16,47668394;1,488884184;15
Alvaro de Carvalho;2013;36456;78;1041;177;4763;300;533;762;10,27;3501400;1595;33,48729792;17,00288184;1,646021415;15
Alvaro de Carvalho;2014;39738;78;1109;177;4803;312;528;770;10,45;3501400;1610;33,52071622;15,96032462;1,616697897;15
Alvaro de Carvalho;2015;36947;65;1195;190;4843;326;524;779;10,61;3501400;1629;33,63617592;15,89958159;1,349576709;15
Alvaro de Carvalho;2016;36947;;;;4883;312;536;780;10,77;3501400;1628;33,34015974;;;15
Alvinlandia;2010;31246;70;862;129;2999;253;247;230;13,24;3501509;730;24,34144715;14,96519722;2,344781594;3
Alvinlandia;2011;29648;66;956;139;3018;260;248;232;13,39;3501509;740;24,51954937;14,53974895;2,188204109;3
Alvinlandia;2012;34571;61;1031;157;3036;271;248;235;13,57;3501509;754;24,83530962;15,22793404;1,996376812;3
Alvinlandia;2013;39182;60;1107;165;3055;283;248;235;13,85;3501509;766;25,07364975;14,90514905;1,971522095;3
Alvinlandia;2014;40489;56;1169;172;3074;284;247;238;14,05;3501509;769;25,01626545;14,71343028;1,826284971;3
Alvinlandia;2015;35027;59;1226;186;3093;286;247;240;14,29;3501509;773;24,99191723;15,17128874;1,909473004;3
Alvinlandia;2016;35027;;;;3109;275;253;240;14,6;3501509;768;24,70247668;;;3
Americana;2010;7236090;92;129955;27163;210387;16004;17985;19003;12,79;3501608;52992;25,18786807;20,90185064;0,043876285;28
Americana;2011;8616510;85;137103;28399;212882;15861;17865;19116;13,13;3501608;52842;24,82220197;20,71362406;0,0399705;28
Americana;2012;8758084;93;146708;29609;215406;15715;17739;19227;13,49;3501608;52681;24,45660752;20,18226682;0,042960735;28
Americana;2013;10085142;95;155491;30764;217960;15563;17608;19329;13,85;3501608;52500;24,08698844;19,78506795;0,043741971;28
Americana;2014;10727869;96;162408;31727;220545;15406;17469;19422;14,22;3501608;52297;23,71262101;19,53536772;0,043401573;28
Americana;2015;9084739;95;166462;32300;223160;15244;17325;19509;14,6;3501608;52078;23,33661947;19,4038279;0,04239111;28
Americana;2016;9084739;;;;225183;14819;17119;19330;15,1;3501608;51268;22,76726041;;;28
Americo Brasiliense;2010;459375;74;15108;3515;34421;3074;3409;3363;7,95;3501707;9846;28,60463089;23,26581943;0,214549258;28
Americo Brasiliense;2011;502124;77;16775;3884;35015;3099;3389;3425;8,22;3501707;9913;28,31072398;23,15350224;0,220905326;28
Americo Brasiliense;2012;538861;74;18390;4297;35620;3124;3368;3481;8,5;3501707;9973;27,99831555;23,36595976;0,206737788;28
Americo Brasiliense;2013;651115;75;19969;4662;36235;3146;3345;3540;8,77;3501707;10031;27,68317925;23,34618659;0,205657513;28
Americo Brasiliense;2014;701490;76;21426;4988;36861;3168;3322;3597;9,05;3501707;10087;27,36496568;23,28012695;0,205420363;28
Americo Brasiliense;2015;570593;67;22455;5198;37497;3188;3298;3653;9,34;3501707;10139;27,03949649;23,14851926;0,179267675;28
Americo Brasiliense;2016;570593;;;;38030;3088;3315;3628;9,68;3501707;10031;26,37654483;;;28
Americo de Campos;2010;56280;89;2471;453;5705;408;446;402;17,58;3501806;1256;22,01577564;18,33265884;1,558106924;25
Americo de Campos;2011;62469;85;2628;493;5710;415;448;410;17,88;3501806;1273;22,29422067;18,75951294;1,49614711;25
Americo de Campos;2012;63072;85;2807;518;5716;425;429;420;18,18;3501806;1274;22,28831351;18,45386534;1,487753674;25
Americo de Campos;2013;69638;80;3020;577;5720;429;424;428;18,48;3501806;1281;22,3951049;19,10596026;1,406818182;25
Americo de Campos;2014;86075;81;3205;606;5726;444;415;436;18,86;3501806;1295;22,61613692;18,90795632;1,416870416;25
Americo de Campos;2015;67507;82;3319;618;5731;445;407;444;19,21;3501806;1296;22,61385448;18,62006629;1,435351597;25
Americo de Campos;2016;67507;;;;5732;423;414;445;19,73;3501806;1282;22,36566643;;;25
Amparo;2010;2465216;80;38705;11305;65782;5136;5669;5948;14,32;3501905;16753;25,4674531;29,20811265;0,120853729;79
Amparo;2011;2860091;81;41107;12081;66204;5065;5595;5932;14,64;3501905;16592;25,06192979;29,38915513;0,1217147;79
Amparo;2012;3014109;83;43317;12679;66629;4993;5521;5917;14,97;3501905;16431;24,66043314;29,27026341;0,124720467;79
Amparo;2013;3269151;86;45468;13164;67056;4920;5446;5897;15,3;3501905;16263;24,25286328;28,95223014;0,128802792;79
Amparo;2014;3516614;88;47463;13612;67486;4846;5370;5874;15,64;3501905;16090;23,84198204;28,67918168;0,130827135;79
Amparo;2015;3025036;89;49252;14127;67919;4772;5292;5850;15,98;3501905;15914;23,43085146;28,68309916;0,131229847;79
Amparo;2016;3025036;;;;68260;4631;5212;5767;16,43;3501905;15610;22,86844418;;;79
Analandia;2010;98188;60;1558;208;4287;362;359;376;14,3;3502002;1097;25,58898997;13,35044929;1,40401213;24
Analandia;2011;108598;58;1651;221;4346;361;364;387;14,43;3502002;1112;25,58674643;13,38582677;1,331569259;24
Analandia;2012;110803;59;1778;248;4407;360;373;387;14,55;3502002;1120;25,41411391;13,94825647;1,336056274;24
Analandia;2013;124137;49;1909;265;4468;358;379;391;14,7;3502002;1128;25,24619517;13,88161341;1,103178156;24
Analandia;2014;135411;51;2054;273;4530;357;388;394;14,9;3502002;1139;25,14348786;13,29113924;1,129801325;24
Analandia;2015;115427;56;2176;289;4593;355;396;396;15,09;3502002;1147;24,97278467;13,28125;1,209666884;24
Analandia;2016;115427;;;;4643;351;392;407;15,4;3502002;1150;24,76846866;;;24
Andradina;2010;1422126;78;31035;9479;55333;4204;4475;4425;15,18;3502101;13104;23,68207037;30,5429354;0,141181573;100
Andradina;2011;1731488;74;32992;10270;55421;4164;4431;4430;15,52;3502101;13025;23,50192165;31,12875849;0,133884268;100
Andradina;2012;1861979;79;34685;10897;55510;4122;4385;4433;15,86;3502101;12940;23,31111511;31,41703907;0,142082508;100
Andradina;2013;2032917;78;36493;11452;55598;4079;4339;4436;16,21;3502101;12854;23,11953667;31,38136081;0,140005036;100
Andradina;2014;2131965;80;38340;12179;55687;4035;4292;4434;16,56;3502101;12761;22,91558173;31,76577986;0,144091081;100
Andradina;2015;1836095;80;40370;13068;55775;3991;4243;4435;16,91;3502101;12669;22,71447781;32,37057221;0,143307934;100
Andradina;2016;1836095;;;;55831;3838;4208;4396;17,36;3502101;12442;22,28511042;;;100
Angatuba;2010;541194;56;8004;2037;22184;1951;1851;1764;11,92;3502200;5566;25,09015507;25,44977511;0,252614497;102
Angatuba;2011;684045;54;8644;2213;22414;1949;1887;1799;12,21;3502200;5635;25,14053716;25,60157335;0,242125457;102
Angatuba;2012;624707;60;9403;2390;22648;1952;1923;1833;12,53;3502200;5708;25,20310844;25,41741997;0,263864359;102
Angatuba;2013;669149;63;10232;2525;22883;1954;1956;1868;12,84;3502200;5778;25,25018573;24,67748241;0,274308439;102
Angatuba;2014;765382;62;10856;2632;23122;1954;1998;1903;13,17;3502200;5855;25,32220396;24,24465733;0,269872848;102
Angatuba;2015;656895;56;11379;2736;23362;1953;2032;1937;13,5;3502200;5922;25,34885712;24,04429212;0,237950518;102
Angatuba;2016;656895;;;;23586;1912;2027;1973;13,86;3502200;5912;25,06571695;;;102
Anhembi;2010;92814;61;1373;136;5643;489;416;433;11,96;3502309;1338;23,71079213;9,905316824;1,073896863;63
Anhembi;2011;89130;60;1505;163;5745;504;439;439;12,2;3502309;1382;24,05570061;10,83056478;1,044386423;63
Anhembi;2012;102813;67;1662;192;5849;530;463;446;12,41;3502309;1439;24,60249615;11,55234657;1,146862712;63
Anhembi;2013;106486;73;1820;211;5954;546;489;454;12,63;3502309;1489;25,00839772;11,59340659;1,217836748;63
Anhembi;2014;109855;68;1946;214;6063;559;516;461;12,85;3502309;1536;25,33399307;10,99691675;1,117598549;63
Anhembi;2015;100220;61;1994;204;6172;571;544;468;13,11;3502309;1583;25,64808814;10,23069208;0,986390149;63
Anhembi;2016;100220;;;;6269;569;559;491;13,37;3502309;1619;25,82549051;;;63
Anhumas;2010;40678;66;1134;207;3735;318;317;285;13,87;3502408;920;24,63186078;18,25396825;1,76626506;4
Anhumas;2011;36845;69;1258;236;3758;327;318;292;14,13;3502408;937;24,93347525;18,75993641;1,8422033;4
Anhumas;2012;53033;66;1358;257;3783;334;320;300;14,38;3502408;954;25,21808089;18,92488954;1,749140893;4
Anhumas;2013;70036;60;1510;287;3808;334;322;308;14,65;3502408;964;25,31512605;19,00662252;1,578256303;4
Anhumas;2014;62894;60;1663;304;3831;332;323;315;15,01;3502408;970;25,31975985;18,28021648;1,560950144;4
Anhumas;2015;52697;57;1768;323;3856;330;324;323;15,3;3502408;977;25,33713693;18,26923077;1,470435685;4
Anhumas;2016;52697;;;;3877;319;333;324;15,63;3502408;976;25,17410369;;;4
Aparecida;2010;496062;67;15961;3346;35006;3040;3134;3066;12,25;3502507;9240;26,39547506;20,96359877;0,192766954;22
Aparecida;2011;591021;71;16999;3598;35077;2951;3098;3055;12,62;3502507;9104;25,95432905;21,16595094;0,202668415;22
Aparecida;2012;667001;72;18026;3818;35148;2863;3053;3044;12,99;3502507;8960;25,49220439;21,18051703;0,203710026;22
Aparecida;2013;760689;72;19048;4008;35219;2777;3015;3032;13,36;3502507;8824;25,054658;21,04157917;0,203015418;22
Aparecida;2014;875332;75;19949;4186;35292;2692;2974;3019;13,76;3502507;8685;24,60897654;20,98350795;0,21228607;22
Aparecida;2015;678021;70;20551;4288;35363;2608;2931;3004;14,15;3502507;8543;24,15801827;20,86516471;0,198569126;22
Aparecida;2016;678021;;;;35432;2533;2849;2975;14,68;3502507;8357;23,58602393;;;22
Aparecida d'Oeste;2010;54977;63;2124;435;4454;338;309;249;18,9;3502606;896;20,11674899;20,48022599;1,405927256;14
Aparecida d'Oeste;2011;60221;65;2241;452;4419;336;310;257;19,42;3502606;903;20,43448744;20,16956716;1,464358452;14
Aparecida d'Oeste;2012;60869;68;2419;477;4385;336;313;265;20,05;3502606;914;20,84378563;19,7188921;1,558038769;14
Aparecida d'Oeste;2013;64320;71;2587;495;4350;335;316;273;20,64;3502606;924;21,24137931;19,1341322;1,628735632;14
Aparecida d'Oeste;2014;80375;73;2738;528;4317;330;316;280;21,29;3502606;926;21,45008107;19,28414901;1,690062543;14
Aparecida d'Oeste;2015;64152;72;2866;565;4283;328;317;288;21,97;3502606;933;21,7837964;19,71388695;1,684800374;14
Aparecida d'Oeste;2016;64152;;;;4253;311;316;290;22,36;3502606;917;21,56125088;;;14
Apiai;2010;423373;67;6130;1829;25207;2491;1905;1951;11,09;3502705;6347;25,17951363;29,83686786;0,264966081;109
Apiai;2011;462393;70;6854;2116;25106;2515;1977;1899;11,44;3502705;6391;25,45606628;30,87248322;0,277184737;109
Apiai;2012;489004;69;7462;2323;25004;2535;2048;1846;11,79;3502705;6429;25,7118861;31,13106406;0,274916013;109
Apiai;2013;654323;72;8292;2512;24903;2556;2122;1793;12,14;3502705;6471;25,98482111;30,29425953;0,289041481;109
Apiai;2014;767823;74;8829;2685;24803;2571;2197;1742;12,49;3502705;6510;26,24682498;30,41114509;0,297181793;109
Apiai;2015;559383;72;9405;2830;24703;2587;2272;1690;12,84;3502705;6549;26,51095009;30,09037746;0,290167186;109
Apiai;2016;559383;;;;24695;2453;2308;1769;13,27;3502705;6530;26,44259972;;;109
Aramina;2010;73152;52;1807;147;5149;435;450;433;14,43;3503000;1318;25,59720334;8,135030437;1,01262381;30
Aramina;2011;82833;49;1934;157;5186;427;458;439;14,69;3503000;1324;25,53027381;8,117890383;0,937331277;30
Aramina;2012;94377;53;2034;183;5225;423;451;446;14,97;3503000;1320;25,26315789;8,997050147;1,010909091;30
Aramina;2013;115468;55;2200;206;5262;415;449;450;15,24;3503000;1314;24,97149373;9,363636364;1,040098822;30
Aramina;2014;104853;58;2342;205;5301;407;446;466;15,58;3503000;1319;24,88209772;8,753202391;1,093755895;30
Aramina;2015;94137;63;2477;217;5340;400;445;462;15,88;3503000;1307;24,47565543;8,760597497;1,186516854;30
Aramina;2016;94137;;;;5371;384;437;471;16,24;3503000;1292;24,05511078;;;30
Arandu;2010;69890;53;1437;316;6123;596;506;464;12,23;3503109;1566;25,57569819;21,99025748;0,86362894;13
Arandu;2011;71286;57;1617;358;6126;600;518;467;12,62;3503109;1585;25,8733268;22,139765;0,930297094;13
Arandu;2012;66454;68;1800;394;6129;586;533;471;13,04;3503109;1590;25,9422418;21,88888889;1,10474792;13
Arandu;2013;71378;64;1945;411;6132;577;546;474;13,45;3503109;1597;26,04370515;21,1311054;1,045988258;13
Arandu;2014;81609;62;2091;423;6135;575;559;476;13,9;3503109;1610;26,24286879;20,22955524;1,004889976;13
Arandu;2015;72123;56;2244;464;6138;568;571;479;14,39;3503109;1618;26,36037797;20,67736185;0,917725644;13
Arandu;2016;72123;;;;6144;537;573;492;14,83;3503109;1602;26,07421875;;;13
Arapei;2010;22643;61;689;128;2494;221;196;175;14,15;3503158;592;23,73696872;18,57764877;2,465116279;13
Arapei;2011;20752;59;711;128;2489;223;198;177;14,38;3503158;598;24,02571314;18,00281294;2,351145038;13
Arapei;2012;23910;65;747;133;2485;225;201;178;14,61;3503158;604;24,30583501;17,80455154;2,604024145;13
Arapei;2013;22581;70;810;147;2481;225;203;181;14,87;3503158;609;24,54655381;18,14814815;2,815397017;13
Arapei;2014;23588;76;887;167;2477;221;207;182;15,14;3503158;610;24,62656439;18,82750846;3,050867985;13
Arapei;2015;22695;78;946;181;2472;214;209;184;15,41;3503158;607;24,55501618;19,13319239;3,160598706;13
Arapei;2016;22695;;;;2471;206;211;187;15,74;3503158;604;24,44354512;;;13
Araraquara;2010;5474437;83;126931;32321;208429;15856;18399;18913;13,95;3503208;53168;25,5089263;25,46344077;0,039788129;129
Araraquara;2011;6116560;86;136927;34200;210622;15719;18229;19071;14,24;3503208;53019;25,17258406;24,97681246;0,040798207;129
Araraquara;2012;6928528;85;147844;35994;212839;15580;18056;19224;14,55;3503208;52860;24,83567391;24,3459322;0,039865814;129
Araraquara;2013;7531614;87;155861;37355;215080;15435;17877;19370;14,85;3503208;52682;24,49414171;23,96686791;0,040278036;129
Araraquara;2014;7975227;87;162981;38659;217343;15287;17694;19510;15,16;3503208;52491;24,1512264;23,71994282;0,039973682;129
Araraquara;2015;6805273;82;167855;39729;219631;15134;17507;19645;15,48;3503208;52286;23,80629328;23,66864258;0,037371774;129
Araraquara;2016;6805273;;;;221205;14627;17276;19380;15,9;3503208;51283;23,18347234;;;129
Araras;2010;3211625;76;71236;20879;118713;9698;10626;10897;12,5;3503307;31221;26,29956281;29,30961873;0,0643232;63
Araras;2011;3671008;78;76176;22511;119980;9623;10574;10994;12,82;3503307;31191;25,99683281;29,55130225;0,065144191;63
Araras;2012;4037143;79;80770;23891;121260;9545;10519;11087;13,14;3503307;31151;25,68942768;29,57905163;0,064959591;63
Araras;2013;4211377;78;85293;25044;122554;9464;10460;11175;13,46;3503307;31099;25,37575273;29,36231578;0,063514859;63
Araras;2014;4431291;78;89207;26248;123863;9379;10396;11260;13,79;3503307;31035;25,05590854;29,42369993;0,062851699;63
Araras;2015;3912489;75;92277;27233;125185;9291;10330;11340;14,13;3503307;30961;24,73219635;29,51222948;0,059967248;63
Araras;2016;3912489;;;;126338;8954;10238;11278;14,58;3503307;30470;24,11784261;;;63
Aracariguama;2010;1056801;56;5642;1044;17019;1571;1645;1526;7,89;3502754;4742;27,86297667;18,50407657;0,327222516;25
Aracariguama;2011;1197477;55;6506;1180;17423;1608;1669;1582;8,06;3502754;4859;27,88842335;18,13710421;0,31745394;25
Aracariguama;2012;1308236;61;7323;1318;17837;1646;1684;1640;8,24;3502754;4970;27,86342995;17,99808822;0,3402478;25
Aracariguama;2013;1373829;59;8039;1418;18261;1683;1704;1698;8,41;3502754;5085;27,84622967;17,63900983;0,320738185;25
Aracariguama;2014;1494020;60;8724;1564;18694;1721;1723;1763;8,62;3502754;5207;27,85385685;17,92755617;0,323365786;25
Aracariguama;2015;1286073;58;9136;1656;19138;1760;1742;1821;8,81;3502754;5323;27,81377364;18,12609457;0,302957467;25
Aracariguama;2016;1286073;;;;19493;1733;1770;1834;9,11;3502754;5337;27,37905915;;;25
Aracatuba;2010;4132001;79;123041;46621;181473;13407;14575;15317;14,11;3502804;43299;23,85974773;37,89062183;0,043356312;69
Aracatuba;2011;4610651;81;132141;49667;182474;13359;14412;15240;14,49;3502804;43011;23,5710293;37,58636608;0,0442474;69
Aracatuba;2012;5423055;81;140520;52347;183480;13306;14247;15164;14,87;3502804;42717;23,28155657;37,25234842;0,043955744;69
Aracatuba;2013;6094591;82;147873;54363;184491;13248;14078;15078;15,26;3502804;42404;22,98431902;36,76330365;0,04439783;69
Aracatuba;2014;6622808;83;154121;55992;185509;13187;13906;14989;15,65;3502804;42082;22,68461368;36,32989664;0,044828014;69
Aracatuba;2015;5376621;80;159204;57507;186533;13123;13731;14896;16,05;3502804;41750;22,38209861;36,12157986;0,043027239;69
Aracatuba;2016;5376621;;;;187313;12613;13676;14727;16,53;3502804;41016;21,89703865;;;69
Aracoiaba da Serra;2010;315643;68;12411;3201;27226;2277;2136;2119;12,79;3502903;6532;23,99177257;25,79163645;0,24865937;34
Aracoiaba da Serra;2011;371410;69;13701;3571;27742;2338;2215;2175;13,07;3502903;6728;24,25203662;26,06379096;0,249801745;34
Aracoiaba da Serra;2012;414178;74;15089;3916;28268;2406;2296;2232;13,36;3502903;6934;24,52950333;25,95268076;0,260966464;34
Aracoiaba da Serra;2013;468026;73;16375;4133;28804;2473;2379;2290;13,65;3502903;7142;24,79516734;25,23969466;0,254895153;34
Aracoiaba da Serra;2014;508944;71;17411;4266;29351;2533;2464;2348;13,93;3502903;7345;25,02470103;24,50175177;0,242887806;34
Aracoiaba da Serra;2015;415640;68;18236;4336;29907;2602;2550;2406;14,23;3502903;7558;25,27167553;23,77714411;0,22824088;34
Aracoiaba da Serra;2016;415640;;;;30388;2510;2606;2486;14,52;3502903;7602;25,01645386;;;34
Arco-Iris;2010;29668;72;540;114;1927;165;145;143;17,59;3503356;453;23,50804359;21,11111111;3,721847431;
Arco-Iris;2011;31436;53;589;133;1913;162;146;141;17,88;3503356;449;23,47098798;22,58064516;2,748562467;
Arco-Iris;2012;35517;54;668;153;1898;156;148;139;18,23;3503356;443;23,34035827;22,90419162;2,863540569;
Arco-Iris;2013;32972;48;730;169;1884;143;156;136;18,58;3503356;435;23,08917197;23,15068493;2,527600849;
Arco-Iris;2014;34659;53;783;177;1871;137;154;134;18,97;3503356;425;22,7151256;22,60536398;2,809192945;
Arco-Iris;2015;32850;71;824;192;1857;131;153;132;19,33;3503356;416;22,40172321;23,30097087;3,805600431;
Arco-Iris;2016;32850;;;;1849;124;152;134;19,9;3503356;410;22,17414819;;;
Arealva;2010;124566;75;2580;583;7836;596;579;542;18,59;3503406;1717;21,91168964;22,59689922;0,952654416;31
Arealva;2011;120661;78;2822;666;7874;605;587;554;18,82;3503406;1746;22,17424435;23,60028349;0,993649987;31
Arealva;2012;129932;64;3131;718;7912;607;596;567;19,06;3503406;1770;22,3710819;22,93197062;0,804347826;31
Arealva;2013;139486;72;3349;741;7950;600;616;581;19,28;3503406;1797;22,60377358;22,12600776;0,901006289;31
Arealva;2014;136500;67;3642;808;7988;600;619;594;19,57;3503406;1813;22,69654482;22,1856123;0,841637456;31
Arealva;2015;130229;62;3813;819;8027;601;623;607;19,81;3503406;1831;22,81051451;21,47915028;0,772891491;31
Arealva;2016;130229;;;;8060;584;630;614;20,15;3503406;1828;22,67990074;;;31
Areias;2010;23169;69;853;172;3695;349;283;263;12,15;3503505;895;24,22192152;20,16412661;1,866847091;26
Areias;2011;25370;77;919;185;3706;350;293;265;12,3;3503505;908;24,5008095;20,13057671;2,070696168;26
Areias;2012;29683;65;1029;201;3719;355;306;268;12,32;3503505;929;24,97983329;19,5335277;1,755310567;26
Areias;2013;34899;62;1109;208;3730;361;316;268;12,47;3503505;945;25,33512064;18,75563571;1,652546917;26
Areias;2014;36389;65;1220;231;3743;362;327;271;12,58;3503505;960;25,64787604;18,93442623;1,736040609;26
Areias;2015;29902;69;1310;252;3754;356;339;273;12,79;3503505;968;25,78582845;19,23664122;1,843100693;26
Areias;2016;29902;;;;3772;353;341;284;13,1;3503505;978;25,92788971;;;26
Areiopolis;2010;70980;67;3262;400;10577;982;1100;939;8,58;3503604;3021;28,56197409;12,2624157;0,63685355;12
Areiopolis;2011;81176;60;3584;440;10599;976;1061;958;8,85;3503604;2995;28,25738277;12,27678571;0,565808095;12
Areiopolis;2012;103649;63;3769;474;10619;969;1027;977;9,12;3503604;2973;27,99698653;12,57628018;0,596760524;12
Areiopolis;2013;112670;61;4038;502;10641;961;992;995;9,41;3503604;2948;27,70416314;12,43189698;0,574006202;12
Areiopolis;2014;111846;60;4231;513;10662;955;958;1013;9,72;3503604;2926;27,44325642;12,12479319;0,567341962;12
Areiopolis;2015;96064;49;4401;540;10684;945;923;1031;10,03;3503604;2899;27,1340322;12,26993865;0,45891052;12
Areiopolis;2016;96064;;;;10719;928;922;996;10,4;3503604;2846;26,55098423;;;12
Ariranha;2010;439155;74;3976;457;8537;636;801;769;13,26;3503703;2206;25,84045918;11,49396378;0,87220335;5
Ariranha;2011;489099;73;4273;516;8619;644;777;791;13,44;3503703;2212;25,66423019;12,07582495;0,84545771;5
Ariranha;2012;529137;73;4634;582;8701;652;752;808;13,67;3503703;2212;25,42236525;12,55934398;0,84323641;5
Ariranha;2013;472466;59;4981;630;8785;660;728;823;13,89;3503703;2211;25,16789983;12,64806264;0,667159932;5
Ariranha;2014;462202;59;5232;671;8868;666;703;842;14,14;3503703;2211;24,932341;12,82492355;0,668019847;5
Ariranha;2015;478412;62;5391;719;8953;674;681;851;14,39;3503703;2206;24,63978555;13,33704322;0,690829889;5
Ariranha;2016;478412;;;;9025;657;687;833;14,63;3503703;2177;24,12188366;;;5
Artur Nogueira;2010;572380;60;23353;6010;44071;3694;4139;4301;9,93;3503802;12134;27,53284473;25,73545155;0,135690136;21
Artur Nogueira;2011;662127;64;25523;6600;44997;3770;4152;4380;10,17;3503802;12302;27,33960042;25,85902911;0,143009534;21
Artur Nogueira;2012;713653;63;27456;7029;45942;3848;4161;4449;10,42;3503802;12458;27,11679944;25,60096154;0,137238257;21
Artur Nogueira;2013;799658;63;29244;7486;46907;3926;4170;4525;10,66;3503802;12621;26,90643188;25,59841335;0,133327648;21
Artur Nogueira;2014;961765;62;31135;7950;47893;4005;4179;4600;10,91;3503802;12784;26,69283611;25,53396499;0,130478358;21
Artur Nogueira;2015;741917;63;32635;8189;48899;4083;4184;4673;11,16;3503802;12940;26,46270885;25,0926919;0,129614103;21
Artur Nogueira;2016;741917;;;;49620;4001;4235;4656;11,49;3503802;12892;25,98145909;;;21
Aruja;2010;1988477;81;36707;5131;74758;6704;6557;6685;8,28;3503901;19946;26,68075657;13,97826028;0,108603761;25
Aruja;2011;2158895;83;40459;5544;76234;6859;6711;6789;8,6;3503901;20359;26,70593174;13,70276082;0,10884907;25
Aruja;2012;2354347;82;43859;5953;77740;7016;6864;6890;8,93;3503901;20770;26,71726267;13,57304088;0,106097247;25
Aruja;2013;2889794;86;47100;6203;79275;7170;7016;6990;9,27;3503901;21176;26,71207821;13,16985138;0,108331757;25
Aruja;2014;3759210;88;49957;6366;80841;7321;7168;7088;9,63;3503901;21577;26,69066439;12,74295894;0,108348487;25
Aruja;2015;2630145;85;51549;6582;82437;7476;7318;7185;10;3503901;21979;26,66157187;12,76843392;0,103048388;25
Aruja;2016;2630145;;;;83849;7306;7456;7326;10,37;3503901;22088;26,34259204;;;25
Aspasia;2010;14973;90;688;167;1809;151;142;111;17,25;3503950;404;22,33278054;24,27325581;4,975124378;4
Aspasia;2011;19498;79;741;173;1804;145;142;116;17,68;3503950;403;22,33924612;23,34682861;4,383037694;4
Aspasia;2012;21818;51;804;178;1800;140;143;120;18,17;3503950;403;22,38888889;22,13930348;2,845555556;4
Aspasia;2013;20430;55;908;189;1795;134;144;125;18,77;3503950;403;22,45125348;20,81497797;3,038997214;4
Aspasia;2014;23177;70;951;191;1791;129;145;130;19,32;3503950;404;22,5572306;20,08412198;3,893914015;4
Aspasia;2015;19979;79;981;196;1786;124;145;136;19,93;3503950;405;22,67637178;19,97961264;4,399216125;4
Aspasia;2016;19979;;;;1782;120;139;136;20,43;3503950;395;22,1661055;;;4
Assis;2010;1666867;73;55200;17339;95075;7368;8430;8059;14,13;3504008;23857;25,09282146;31,41123188;0,076802524;88
Assis;2011;1902294;73;58965;18554;95734;7295;8327;8198;14,45;3504008;23820;24,88144233;31,46612397;0,076723003;88
Assis;2012;2242027;75;62457;19590;96397;7220;8230;8341;14,77;3504008;23791;24,68022864;31,36557952;0,077440169;88
Assis;2013;2463836;76;65803;20448;97065;7144;8129;8480;15,1;3504008;23753;24,47123062;31,07457107;0,078545305;88
Assis;2014;2637083;75;69019;21187;97738;7066;8029;8614;15,42;3504008;23709;24,25770939;30,69734421;0,0767153;88
Assis;2015;2182421;74;71832;22091;98415;6988;7927;8755;15,76;3504008;23670;24,05121171;30,75370308;0,075496621;88
Assis;2016;2182421;;;;99001;6773;7851;8654;16,18;3504008;23278;23,51289381;;;88
Atibaia;2010;3709727;81;74283;18018;126467;10160;10767;10791;12,76;3504107;31718;25,08006041;24,25588627;0,063724134;90
Atibaia;2011;4285476;81;82267;19546;127832;10279;10733;10881;12,99;3504107;31893;24,94915201;23,75922302;0,063606922;90
Atibaia;2012;4434423;85;88956;20641;129212;10395;10696;10967;13,22;3504107;32058;24,81038913;23,20360628;0,065798842;90
Atibaia;2013;4827702;90;94556;21426;130606;10507;10654;11052;13,45;3504107;32213;24,66425738;22,65958797;0,069177526;90
Atibaia;2014;5420788;93;98813;22341;132017;10618;10609;11134;13,69;3504107;32361;24,51275215;22,60937326;0,07036215;90
Atibaia;2015;4535623;91;101801;23158;133442;10725;10560;11212;13,92;3504107;32497;24,35290238;22,74830306;0,068554128;90
Atibaia;2016;4535623;;;;134652;10428;10659;11158;14,27;3504107;32245;23,94691501;;;90
Auriflama;2010;169054;79;7186;1803;14196;1246;1193;1095;15,52;3504206;3534;24,89433643;25,09045366;0,552972668;47
Auriflama;2011;199751;71;7713;1900;14230;1187;1201;1113;15,84;3504206;3501;24,60295151;24,63373525;0,4981026;47
Auriflama;2012;221603;71;8250;2038;14264;1128;1211;1131;16,21;3504206;3470;24,32697701;24,7030303;0,494391475;47
Auriflama;2013;227908;69;8803;2151;14298;1072;1222;1149;16,55;3504206;3443;24,08029095;24,43485176;0,481675759;47
Auriflama;2014;259341;74;9322;2309;14331;1019;1228;1169;16,86;3504206;3416;23,83643849;24,7693628;0,517688926;47
Auriflama;2015;215531;77;9626;2414;14366;967;1239;1186;17,22;3504206;3392;23,61130447;25,07791398;0,53536127;47
Auriflama;2016;215531;;;;14387;945;1180;1194;17,67;3504206;3319;23,06943769;;;47
Avai;2010;115397;65;1131;194;4956;505;411;355;12,29;3504305;1271;25,645682;17,15296198;1,305891848;29
Avai;2011;152772;66;1256;209;4989;502;430;367;12,59;3504305;1299;26,03728202;16,64012739;1,325315695;29
Avai;2012;142392;67;1351;220;5023;487;449;378;13;3504305;1314;26,15966554;16,2842339;1,343221183;29
Avai;2013;223693;67;1482;232;5057;489;467;388;13,39;3504305;1344;26,57702195;15,65452092;1,332015029;29
Avai;2014;273811;69;1609;239;5092;471;494;400;13,81;3504305;1365;26,8067557;14,85394655;1,352317361;29
Avai;2015;181613;71;1702;243;5126;463;507;412;14,2;3504305;1382;26,96059306;14,2773208;1,388216933;29
Avai;2016;181613;;;;5158;442;506;430;14,56;3504305;1378;26,71578131;;;29
Avanhandava;2010;148440;57;3464;907;11287;975;1357;1188;9,75;3504404;3520;31,18632055;26,18360277;0,507663684;21
Avanhandava;2011;154237;53;3786;1004;11369;972;1368;1203;9,97;3504404;3543;31,16369074;26,5187533;0,469786261;21
Avanhandava;2012;167754;46;4195;1100;11453;969;1363;1216;10,21;3504404;3548;30,97878285;26,22169249;0,403387759;21
Avanhandava;2013;190168;47;4604;1188;11537;964;1371;1230;10,47;3504404;3565;30,90058074;25,803649;0,403397764;21
Avanhandava;2014;182349;58;4925;1260;11621;960;1371;1242;10,71;3504404;3573;30,74606316;25,58375635;0,495912572;21
Avanhandava;2015;168590;60;5208;1339;11707;955;1372;1255;10,98;3504404;3582;30,59707867;25,71044547;0,509267959;21
Avanhandava;2016;168590;;;;11787;922;1373;1260;11,28;3504404;3555;30,16034614;;;21
Avare;2010;1237712;68;43584;10977;82878;6727;7410;7228;12,78;3504503;21365;25,77885567;25,18584802;0,082168971;109
Avare;2011;1463351;71;46892;11868;83373;6703;7350;7242;13,1;3504503;21295;25,54184208;25,30922119;0,085615247;109
Avare;2012;1710676;74;50089;12660;83871;6678;7280;7256;13,42;3504503;21214;25,29360566;25,27501048;0,087825351;109
Avare;2013;1955722;77;52937;13120;84372;6651;7214;7266;13,75;3504503;21131;25,04503864;24,78417742;0,091452141;109
Avare;2014;2135621;79;55264;13573;84876;6622;7146;7278;14,09;3504503;21046;24,79617324;24,56029241;0,09301805;109
Avare;2015;1700616;80;57248;13946;85384;6592;7078;7283;14,44;3504503;20953;24,53972641;24,36067636;0,09350698;109
Avare;2016;1700616;;;;85810;6435;7056;7223;14,82;3504503;20714;24,13937769;;;109
Bady Bassitt;2010;228060;67;7455;1420;14574;1147;1157;1200;12,03;3504602;3504;24,04281597;19,04761905;0,458076026;13
Bady Bassitt;2011;236448;67;8248;1526;14775;1170;1181;1217;12,28;3504602;3568;24,14890017;18,5014549;0,456717428;13
Bady Bassitt;2012;241006;76;9069;1638;14980;1191;1202;1235;12,56;3504602;3628;24,21895861;18,06152828;0,506809079;13
Bady Bassitt;2013;257679;74;9820;1737;15187;1214;1226;1251;12,81;3504602;3691;24,30368078;17,68839104;0,485612695;13
Bady Bassitt;2014;285574;71;10535;1827;15396;1235;1248;1269;13,1;3504602;3752;24,36996622;17,34219269;0,461288646;13
Bady Bassitt;2015;249753;73;11029;1927;15609;1256;1270;1285;13,39;3504602;3811;24,41540137;17,47211896;0,465052213;13
Bady Bassitt;2016;249753;;;;15750;1206;1284;1301;13,82;3504602;3791;24,06984127;;;13
Balbinos;2010;17823;100;407;59;3670;117;596;796;6,38;3504701;1509;41,11716621;14,4963145;2,72479564;12
Balbinos;2011;22771;100;459;71;3674;118;593;796;6,51;3504701;1507;41,01796407;15,46840959;2,721829069;12
Balbinos;2012;23396;115;516;80;3679;119;592;792;6,71;3504701;1503;40,8534928;15,50387597;3,12992661;12
Balbinos;2013;33725;124;565;89;3683;121;590;787;6,9;3504701;1498;40,67336411;15,75221239;3,373336954;12
Balbinos;2014;40214;131;650;91;3688;122;587;783;7,16;3504701;1492;40,45553145;14;3,563720174;12
Balbinos;2015;27586;108;693;103;3691;123;585;771;7,4;3504701;1479;40,07044161;14,86291486;2,934976971;12
Balbinos;2016;27586;;;;3695;121;586;773;7,52;3504701;1480;40,0541272;;;12
Balsamo;2010;112633;60;3873;718;8153;591;620;656;16,5;3504800;1867;22,89954618;18,53860057;0,738746474;11
Balsamo;2011;135382;78;4305;779;8195;588;619;654;16,83;3504800;1861;22,70896888;18,0952381;0,945942648;11
Balsamo;2012;151170;72;4677;860;8238;585;618;653;17,18;3504800;1856;22,52974023;18,38785546;0,87157077;11
Balsamo;2013;154988;82;5007;913;8281;582;618;650;17,53;3504800;1850;22,34029707;18,23447174;0,985146721;11
Balsamo;2014;156158;77;5269;941;8323;578;615;647;17,91;3504800;1840;22,10741319;17,85917631;0,926949417;11
Balsamo;2015;142066;65;5421;966;8366;575;614;645;18,29;3504800;1834;21,9220655;17,81959048;0,776595745;11
Balsamo;2016;142066;;;;8397;545;609;643;18,63;3504800;1797;21,40050018;;;11
Bananal;2010;119562;60;2588;358;10219;852;776;789;14,33;3504909;2417;23,65202075;13,83307573;0,588609453;81
Bananal;2011;123267;64;2789;405;10260;861;787;782;14,61;3504909;2430;23,68421053;14,52133381;0,623099415;81
Bananal;2012;145074;65;3049;451;10300;865;800;776;14,89;3504909;2441;23,69902913;14,791735;0,626796117;81
Bananal;2013;147825;59;3312;511;10341;873;811;769;15,19;3504909;2453;23,72111014;15,42874396;0,57470264;81
Bananal;2014;167150;60;3648;564;10382;886;821;761;15,52;3504909;2468;23,77191293;15,46052632;0,575418994;81
Bananal;2015;140576;59;3880;607;10423;891;831;753;15,84;3504909;2475;23,7455627;15,6443299;0,569509738;81
Bananal;2016;140576;;;;10468;852;841;766;16,2;3504909;2459;23,49063814;;;81
Barao de Antonina;2010;25454;72;617;150;3113;252;234;190;14,97;3505005;676;21,71538709;24,31118314;2,315451333;3
Barao de Antonina;2011;29585;79;686;162;3140;259;239;200;15,25;3505005;698;22,22929936;23,61516035;2,528025478;3
Barao de Antonina;2012;33422;75;781;173;3166;265;245;211;15,57;3505005;721;22,77321541;22,15108835;2,378711308;3
Barao de Antonina;2013;37370;69;847;183;3193;284;251;222;15,85;3505005;757;23,70811149;21,60566706;2,148449734;3
Barao de Antonina;2014;49115;75;940;192;3220;286;257;233;16,24;3505005;776;24,09937888;20,42553191;2,324534161;3
Barao de Antonina;2015;34989;79;1017;211;3247;288;263;245;16,6;3505005;796;24,51493686;20,74729597;2,421004004;3
Barao de Antonina;2016;34989;;;;3274;292;269;250;17,01;3505005;811;24,77092242;;;3
Barbosa;2010;63999;54;1920;527;6586;570;557;477;13;3505104;1604;24,35469177;27,44791667;0,82508351;13
Barbosa;2011;73961;59;2126;574;6655;584;565;496;13,18;3505104;1645;24,71825695;26,99905927;0,882945154;13
Barbosa;2012;81937;53;2309;621;6723;605;574;518;13,42;3505104;1697;25,24170757;26,89475964;0,79458575;13
Barbosa;2013;93134;55;2487;667;6793;613;582;540;13,62;3505104;1735;25,54099809;26,8194612;0,802296482;13
Barbosa;2014;100325;48;2688;725;6863;632;589;561;13,86;3505104;1782;25,96532129;26,97172619;0,697654087;13
Barbosa;2015;82671;50;2847;747;6934;642;596;583;14,08;3505104;1821;26,26189789;26,23814542;0,719209691;13
Barbosa;2016;82671;;;;7002;623;609;590;14,32;3505104;1822;26,02113682;;;13
Bariri;2010;628396;68;17410;4151;31563;2423;2585;2624;15,1;3505203;7632;24,18021101;23,84261918;0,214048094;34
Bariri;2011;777632;68;18896;4465;31821;2468;2585;2648;15,29;3505203;7701;24,20099934;23,62933954;0,212846862;34
Bariri;2012;796109;72;20048;4797;32080;2512;2583;2678;15,5;3505203;7773;24,23004988;23,92757382;0,224376559;34
Bariri;2013;824569;71;21281;5029;32342;2556;2582;2702;15,7;3505203;7840;24,24092511;23,6314083;0,219466947;34
Bariri;2014;886686;69;22141;5292;32606;2602;2579;2722;15,9;3505203;7903;24,23787033;23,90135947;0,210912102;34
Bariri;2015;782678;65;22813;5479;32872;2647;2575;2750;16,1;3505203;7972;24,25164274;24,01700785;0,19816257;34
Bariri;2016;782678;;;;33093;2569;2613;2737;16,44;3505203;7919;23,92953193;;;34
Barra Bonita;2010;911100;85;22094;4198;35248;2705;2860;2962;13,9;3505302;8527;24,19144349;19,00063366;0,239928507;16
Barra Bonita;2011;1097784;85;23378;4482;35210;2645;2811;2921;14,31;3505302;8377;23,7915365;19,17187099;0,240727066;16
Barra Bonita;2012;1013617;85;24638;4762;35172;2587;2762;2877;14,72;3505302;8226;23,38792221;19,32786752;0,240645968;16
Barra Bonita;2013;1072008;83;25673;4987;35133;2528;2713;2834;15,14;3505302;8075;22,98408903;19,42507693;0,235562007;16
Barra Bonita;2014;1103599;87;26498;5188;35096;2469;2663;2791;15,57;3505302;7923;22,57522225;19,57883614;0,246495327;16
Barra Bonita;2015;1039622;84;27013;5379;35058;2411;2613;2747;15,99;3505302;7771;22,16612471;19,91263466;0,238690171;16
Barra Bonita;2016;1039622;;;;35029;2314;2560;2705;16,55;3505302;7579;21,63635845;;;16
Barra do Chapeu;2010;25658;69;954;464;5241;485;399;410;11,66;3505351;1294;24,68994467;48,63731656;1,309482923;
Barra do Chapeu;2011;35708;69;1100;532;5269;503;412;404;11,9;3505351;1319;25,03321313;48,36363636;1,305560827;
Barra do Chapeu;2012;34227;70;1216;575;5296;521;427;400;12,12;3505351;1348;25,45317221;47,28618421;1,329305136;
Barra do Chapeu;2013;46611;69;1439;645;5324;543;440;394;12,36;3505351;1377;25,86401202;44,82279361;1,295642374;
Barra do Chapeu;2014;78663;63;1596;697;5352;566;455;387;12,59;3505351;1408;26,30792227;43,6716792;1,178624813;
Barra do Chapeu;2015;44173;69;1782;765;5380;578;469;382;12,84;3505351;1429;26,56133829;42,92929293;1,274907063;
Barra do Chapeu;2016;44173;;;;5409;554;488;395;13,16;3505351;1437;26,56683306;;;
Barra do Turvo;2010;52299;59;882;247;7732;714;533;496;13,79;3505401;1743;22,54267977;28,00453515;0,764614589;75
Barra do Turvo;2011;58558;61;1032;280;7717;739;557;493;14,07;3505401;1789;23,18258391;27,13178295;0,786963846;75
Barra do Turvo;2012;61573;62;1143;306;7702;765;580;490;14,42;3505401;1835;23,82498052;26,77165354;0,809400156;75
Barra do Turvo;2013;68362;66;1245;329;7688;793;606;488;14,72;3505401;1887;24,54474506;26,42570281;0,858220604;75
Barra do Turvo;2014;70832;57;1352;346;7674;817;632;484;15,05;3505401;1933;25,1889497;25,59171598;0,742767787;75
Barra do Turvo;2015;62325;56;1466;376;7659;840;658;481;15,41;3505401;1979;25,83888236;25,64802183;0,725943335;75
Barra do Turvo;2016;62325;;;;7665;804;684;505;15,62;3505401;1993;26,00130463;;;75
Barretos;2010;2500648;70;64396;22978;112030;8951;9861;9903;13,76;3505500;28715;25,63152727;35,68234052;0,062135142;104
Barretos;2011;2742810;71;69466;24779;112691;8822;9727;9953;14,04;3505500;28502;25,29217063;35,67068782;0,063438961;104
Barretos;2012;3083890;73;74000;26113;113358;8692;9594;9999;14,32;3505500;28285;24,95192223;35,28783784;0,064000776;104
Barretos;2013;3421232;73;77992;27047;114027;8561;9457;10043;14,6;3505500;28061;24,60908381;34,67919787;0,063809449;104
Barretos;2014;3790875;76;81484;27829;114701;8431;9320;10087;14,88;3505500;27838;24,27005867;34,1527171;0,066546935;104
Barretos;2015;3107891;75;84483;28545;115378;8298;9183;10124;15,17;3505500;27605;23,92570507;33,78786265;0,064821716;104
Barretos;2016;3107891;;;;115907;8072;9043;9980;15,55;3505500;27095;23,37650013;;;104
Barrinha;2010;251324;68;8872;2105;28457;2590;2961;2962;7,51;3505609;8513;29,91531082;23,72633003;0,237516253;16
Barrinha;2011;282506;66;9765;2418;28847;2599;2901;2986;7,7;3505609;8486;29,41727043;24,76190476;0,227787985;16
Barrinha;2012;314521;63;10716;2716;29243;2608;2841;2999;7,91;3505609;8448;28,88896488;25,34527809;0,214512875;16
Barrinha;2013;358937;61;11631;2993;29644;2616;2782;3015;8,12;3505609;8413;28,38011065;25,73295503;0,207259479;16
Barrinha;2014;384087;64;12533;3232;30051;2622;2723;3033;8,32;3505609;8378;27,8792719;25,78791989;0,211939703;16
Barrinha;2015;318275;63;13171;3380;30463;2626;2662;3043;8,54;3505609;8331;27,34793028;25,66244021;0,206151725;16
Barrinha;2016;318275;;;;30829;2578;2669;2981;8,87;3505609;8228;26,68915631;;;16
Barueri;2010;30018705;101;118132;18662;240459;21333;23211;23673;7,18;3505708;68217;28,36949334;15,79758237;0,042177669;32
Barueri;2011;34462704;68;130861;20475;242926;21442;22710;23445;7,5;3505708;67597;27,82616929;15,64637287;0,027823288;32
Barueri;2012;39566466;115;141045;21888;245417;21536;22201;23197;7,83;3505708;66934;27,27357925;15,51845156;0,047009783;32
Barueri;2013;43865631;118;150088;23083;247935;21612;21687;22937;8,18;3505708;66236;26,71506645;15,37964394;0,047774618;32
Barueri;2014;46151952;118;157442;24209;250477;21671;21166;22661;8,53;3505708;65498;26,14930712;15,37645609;0,047030266;32
Barueri;2015;38813092;105;162118;24850;253047;21713;20642;22370;8,9;3505708;64725;25,57825226;15,32834108;0,041525883;32
Barueri;2016;38813092;;;;255276;20950;20779;21912;9,32;3505708;63641;24,93027155;;;32
Bastos;2010;470286;68;9831;2633;20446;1752;1679;1602;12,71;3505807;5033;24,61606182;26,78262639;0,331018292;20
Bastos;2011;469480;68;10704;2911;20409;1716;1673;1594;13,1;3505807;4983;24,41569896;27,19544096;0,331128424;20
Bastos;2012;580164;68;11543;3138;20371;1684;1665;1584;13,52;3505807;4933;24,21579697;27,18530711;0,333955132;20
Bastos;2013;700846;72;12619;3369;20334;1651;1657;1576;13,92;3505807;4884;24,01888463;26,6978366;0,355414577;20
Bastos;2014;711654;74;13534;3597;20296;1618;1646;1566;14,34;3505807;4830;23,79779267;26,5775085;0,364258967;20
Bastos;2015;586486;72;14295;3835;20259;1584;1640;1554;14,79;3505807;4778;23,58457969;26,82756208;0,356335456;20
Bastos;2016;586486;;;;20267;1539;1611;1557;15,29;3505807;4707;23,22494696;;;20
Batatais;2010;1153707;76;28759;5317;56429;4754;4803;4853;13,83;3505906;14410;25,53651491;18,48812546;0,134133158;82
Batatais;2011;1322434;74;31105;5989;56832;4687;4826;4877;14,17;3505906;14390;25,32024212;19,25413921;0,130120355;82
Batatais;2012;1351261;76;33509;6638;57238;4619;4847;4904;14,51;3505906;14370;25,10569901;19,80960339;0,132674098;82
Batatais;2013;1410020;75;35121;7045;57648;4551;4866;4926;14,87;3505906;14343;24,88030808;20,05922383;0,130221343;82
Batatais;2014;1454714;75;36806;7447;58060;4481;4883;4944;15,23;3505906;14308;24,64347227;20,23311417;0,129280055;82
Batatais;2015;1338427;74;37973;7758;58475;4411;4899;4964;15,59;3505906;14274;24,41043181;20,43030574;0,126566909;82
Batatais;2016;1338427;;;;58821;4282;4824;4980;16,03;3505906;14086;23,94722973;;;82
Bauru;2010;8207655;78;203651;44506;343695;26680;29721;31292;13,07;3506003;87693;25,51477327;21,85405424;0,022735274;138
Bauru;2011;9108011;81;217548;47179;345913;26586;29384;31056;13,4;3506003;87026;25,15834906;21,68670822;0,023514583;138
Bauru;2012;9693133;82;231323;50201;348145;26483;29043;30816;13,75;3506003;86342;24,80058596;21,70168984;0,023653937;138
Bauru;2013;11059040;84;246303;52857;350392;26372;28695;30565;14,1;3506003;85632;24,43891413;21,46015274;0,023841869;138
Bauru;2014;12137134;84;257745;54027;352654;26252;28345;30307;14,45;3506003;84904;24,07572295;20,96141535;0,023725805;138
Bauru;2015;10040995;81;263304;54569;354928;26124;27989;30040;14,81;3506003;84153;23,70987919;20,72471364;0,0228328;138
Bauru;2016;10040995;;;;356769;25423;27885;29693;15,26;3506003;83001;23,26463342;;;138
Bebedouro;2010;1446951;83;43882;13748;75033;6122;6336;6369;13,97;3506102;18827;25,09162635;31,3294745;0,110231498;96
Bebedouro;2011;1729038;82;46998;14885;74967;6041;6246;6305;14,36;3506102;18592;24,80024544;31,67156049;0,109141356;96
Bebedouro;2012;1958314;79;49898;15906;74901;5959;6155;6242;14,74;3506102;18356;24,50701593;31,87702914;0,105699523;96
Bebedouro;2013;2128817;83;52862;16668;74835;5876;6062;6180;15,14;3506102;18118;24,21059665;31,5311566;0,11091067;96
Bebedouro;2014;2336313;85;55286;17368;74769;5792;5969;6111;15,54;3506102;17872;23,90295443;31,41482473;0,113121748;96
Bebedouro;2015;1919887;84;57614;17970;74703;5706;5875;6045;15,96;3506102;17626;23,59476862;31,19033568;0,11231142;96
Bebedouro;2016;1919887;;;;74593;5478;5804;5964;16,46;3506102;17246;23,12013192;;;96
Bento de Abreu;2010;105468;58;1020;202;2672;217;215;246;12,54;3506201;678;25,3742515;19,80392157;2,171407186;28
Bento de Abreu;2011;109894;61;1080;216;2700;220;218;247;12,78;3506201;685;25,37037037;20;2,244814815;28
Bento de Abreu;2012;113813;66;1150;217;2728;223;219;246;13,05;3506201;688;25,21994135;18,86956522;2,434750733;28
Bento de Abreu;2013;99884;62;1247;231;2757;225;223;235;13,35;3506201;683;24,77330432;18,5244587;2,246644904;28
Bento de Abreu;2014;109570;72;1294;241;2785;228;224;230;13,57;3506201;682;24,48833034;18,6244204;2,57989228;28
Bento de Abreu;2015;107726;70;1338;255;2814;231;227;226;13,93;3506201;684;24,30703625;19,05829596;2,482231699;28
Bento de Abreu;2016;107726;;;;2840;222;230;228;14,15;3506201;680;23,94366197;;;28
Bernardino de Campos;2010;114787;59;4697;658;10775;928;849;744;17,26;3506300;2521;23,39675174;14,00894188;0,544593968;24
Bernardino de Campos;2011;127923;59;5004;716;10774;918;859;759;17,51;3506300;2536;23,53814739;14,30855316;0,548449972;24
Bernardino de Campos;2012;148595;58;5376;794;10773;901;870;774;17,78;3506300;2545;23,6238745;14,76934524;0,539311241;24
Bernardino de Campos;2013;168925;61;5738;848;10772;876;876;790;18,04;3506300;2542;23,5982176;14,77866853;0,568139621;24
Bernardino de Campos;2014;177947;62;6004;901;10771;856;899;803;18,31;3506300;2558;23,74895553;15,00666223;0,573762882;24
Bernardino de Campos;2015;147635;54;6249;951;10770;840;900;819;18,58;3506300;2559;23,76044568;15,21843495;0,498328691;24
Bernardino de Campos;2016;147635;;;;10773;802;892;829;18,84;3506300;2523;23,41966026;;;24
Bertioga;2010;1097980;71;12774;4176;47462;3949;4339;4317;7,63;3506359;12605;26,55808858;32,69140442;0,150520416;83
Bertioga;2011;1591053;72;14798;4725;48999;4171;4400;4457;7,84;3506359;13028;26,58829772;31,92999054;0,146554011;83
Bertioga;2012;1313179;72;16784;5210;50585;4403;4461;4600;8,05;3506359;13464;26,61658594;31,04146806;0,142868439;83
Bertioga;2013;1513769;74;18716;5638;52223;4647;4520;4743;8,28;3506359;13910;26,63577351;30,12395811;0,141144706;83
Bertioga;2014;1536747;75;20105;6017;53915;4901;4579;4893;8,49;3506359;14373;26,65862932;29,92787864;0,138940926;83
Bertioga;2015;1410546;68;21318;6416;55660;5169;4635;5043;8,72;3506359;14847;26,67445203;30,09663195;0,122888969;83
Bertioga;2016;1410546;;;;57109;5130;4851;5095;8,97;3506359;15076;26,39864119;;;83
Bilac;2010;93941;69;3586;959;7039;550;568;581;16,2;3506409;1699;24,13695127;26,74288901;0,986219633;26
Bilac;2011;102155;74;3891;1016;7123;549;577;600;16,47;3506409;1726;24,23136319;26,11153945;1,035659132;26
Bilac;2012;122305;62;4173;1059;7208;550;586;609;16,75;3506409;1745;24,20921199;25,37742631;0,859045505;26
Bilac;2013;136178;61;4504;1122;7294;548;594;623;17,04;3506409;1765;24,19797094;24,91119005;0,841376474;26
Bilac;2014;145636;52;4726;1183;7381;548;602;629;17,33;3506409;1779;24,10242515;25,03173931;0,702885788;26
Bilac;2015;120043;49;4906;1255;7469;547;611;633;17,63;3506409;1791;23,97911367;25,58092132;0,650421743;26
Bilac;2016;120043;;;;7537;523;608;646;17,99;3506409;1777;23,57702003;;;26
Birigui;2010;1784191;77;67799;28578;108599;8456;9003;9538;12,55;3506508;26997;24,85934493;42,15106417;0,070774132;76
Birigui;2011;2092192;77;73299;30762;109944;8446;9054;9601;12,88;3506508;27101;24,64982173;41,96783039;0,070463145;76
Birigui;2012;2307732;77;78590;32694;111306;8433;9104;9659;13,22;3506508;27196;24,43354356;41,60071256;0,069178661;76
Birigui;2013;2600973;77;83606;34327;112685;8418;9151;9715;13,56;3506508;27284;24,21262812;41,05805803;0,068456316;76
Birigui;2014;2721174;79;87763;35751;114081;8399;9194;9769;13,91;3506508;27362;23,98471262;40,7358454;0,068986071;76
Birigui;2015;2301252;79;91142;37049;115495;8379;9236;9820;14,26;3506508;27435;23,75427508;40,64975533;0,068141478;76
Birigui;2016;2301252;;;;116637;8130;9196;9847;14,68;3506508;27173;23,29706697;;;76
Biritiba-Mirim;2010;319858;62;7162;1139;28540;2548;2501;2391;11,47;3506607;7440;26,06867554;15,90337894;0,215942537;
Biritiba-Mirim;2011;367856;63;8024;1312;28913;2598;2538;2442;11,67;3506607;7578;26,20966347;16,35094716;0,21734168;
Biritiba-Mirim;2012;394949;64;9021;1494;29291;2647;2575;2492;11,89;3506607;7714;26,33573453;16,56135683;0,217233963;
Biritiba-Mirim;2013;562711;64;9931;1629;29674;2696;2612;2542;12,11;3506607;7850;26,45413493;16,40318196;0,217294601;
Biritiba-Mirim;2014;704945;66;10671;1763;30062;2746;2648;2592;12,32;3506607;7986;26,5650988;16,52141318;0,218382011;
Biritiba-Mirim;2015;470064;62;11329;1838;30455;2795;2683;2643;12,55;3506607;8121;26,66557216;16,2238503;0,202725332;
Biritiba-Mirim;2016;470064;;;;30822;2727;2730;2680;12,73;3506607;8137;26,39997404;;;
Boa Esperanca do Sul;2010;122151;57;4728;508;13636;1223;1196;1211;10,44;3506706;3630;26,62070989;10,74450085;0,414711059;44
Boa Esperanca do Sul;2011;205722;58;5102;555;13731;1239;1202;1208;10,76;3506706;3649;26,5749035;10,87808702;0,424076906;44
Boa Esperanca do Sul;2012;231388;60;5549;591;13827;1244;1206;1204;11,09;3506706;3654;26,42655674;10,65056767;0,436609532;44
Boa Esperanca do Sul;2013;212659;56;6030;647;13924;1251;1211;1200;11,43;3506706;3662;26,29991382;10,72968491;0,401321459;44
Boa Esperanca do Sul;2014;250196;50;6381;664;14022;1262;1215;1195;11,78;3506706;3672;26,18741977;10,40589249;0,357081729;44
Boa Esperanca do Sul;2015;204423;47;6626;691;14120;1271;1218;1189;12,17;3506706;3678;26,04815864;10,42861455;0,335339943;44
Boa Esperanca do Sul;2016;204423;;;;14211;1220;1237;1194;12,51;3506706;3651;25,69136584;;;44
Bocaina;2010;218423;60;4994;803;10846;897;928;980;12,53;3506805;2805;25,86206897;16,07929515;0,551170939;26
Bocaina;2011;290782;62;5314;890;10978;902;936;990;12,74;3506805;2828;25,76061213;16,74821227;0,562124248;26
Bocaina;2012;339523;66;5640;944;11114;908;944;988;12,95;3506805;2840;25,55335613;16,73758865;0,590966349;26
Bocaina;2013;356706;61;5948;1034;11250;912;952;995;13,18;3506805;2859;25,41333333;17,38399462;0,538311111;26
Bocaina;2014;386317;61;6203;1087;11387;915;958;1000;13,43;3506805;2873;25,23052604;17,52377882;0,53473259;26
Bocaina;2015;318350;57;6392;1137;11527;920;965;1003;13,69;3506805;2888;25,05422053;17,78785982;0,490500564;26
Bocaina;2016;318350;;;;11646;899;968;1009;13,92;3506805;2876;24,69517431;;;26
Bofete;2010;112139;57;2995;422;9597;812;706;688;14,72;3506904;2206;22,9863499;14,09015025;0,593623007;60
Bofete;2011;133077;53;3323;465;9748;838;741;706;15,05;3506904;2285;23,44070579;13,99337948;0,543803857;60
Bofete;2012;135548;58;3729;533;9901;866;778;727;15,36;3506904;2371;23,94707605;14,29337624;0,586405414;60
Bofete;2013;161805;56;4132;585;10057;892;817;747;15,71;3506904;2456;24,42080143;14,15779284;0,553644228;60
Bofete;2014;164624;46;4593;624;10215;926;856;766;16,04;3506904;2548;24,94371023;13,58589157;0,451395007;60
Bofete;2015;141439;40;4780;651;10376;944;897;787;16,4;3506904;2628;25,32767926;13,61924686;0,383770239;60
Bofete;2016;141439;;;;10512;927;919;821;16,63;3506904;2667;25,37100457;;;60
Boituva;2010;1570133;69;24030;4111;48177;4034;4615;4723;9,99;3507001;13372;27,75598315;17,10778194;0,143637005;48
Boituva;2011;1839659;73;27011;4576;49147;4076;4596;4811;10,24;3507001;13483;27,43402446;16,94124616;0,14796427;48
Boituva;2012;2214642;76;30434;5011;50137;4119;4576;4889;10,51;3507001;13584;27,09376309;16,46513767;0,15256198;48
Boituva;2013;2264105;77;33342;5280;51147;4160;4555;4972;10,78;3507001;13687;26,76012278;15,83588267;0,14956889;48
Boituva;2014;2587854;79;35825;5656;52177;4201;4532;5057;11,05;3507001;13790;26,4292696;15,78785764;0,152308488;48
Boituva;2015;2095279;81;37668;6043;53228;4240;4508;5139;11,33;3507001;13887;26,08965206;16,04279495;0,15131134;48
Boituva;2016;2095279;;;;54017;4162;4526;5094;11,65;3507001;13782;25,51418998;;;48
Bom Jesus dos Perdoes;2010;249973;60;8516;2101;19644;1673;1708;1829;10,24;3507100;5210;26,52209326;24,67120714;0,306251273;13
Bom Jesus dos Perdoes;2011;308686;61;9660;2310;20117;1723;1751;1856;10,36;3507100;5330;26,49500423;23,91304348;0,302281652;13
Bom Jesus dos Perdoes;2012;347754;59;10692;2479;20600;1773;1793;1888;10,5;3507100;5454;26,47572816;23,1855593;0,288446602;13
Bom Jesus dos Perdoes;2013;435242;62;11753;2668;21096;1825;1836;1916;10,65;3507100;5577;26,43629124;22,70058708;0,294842624;13
Bom Jesus dos Perdoes;2014;479929;65;12592;2869;21604;1877;1880;1940;10,79;3507100;5697;26,37011665;22,7843075;0,299759304;13
Bom Jesus dos Perdoes;2015;364317;66;13197;3027;22123;1930;1924;1969;10,93;3507100;5823;26,32102337;22,93703114;0,298196447;13
Bom Jesus dos Perdoes;2016;364317;;;;22541;1907;1968;2006;11,25;3507100;5881;26,09023557;;;13
Bom Sucesso de Itarare;2010;34087;83;732;195;3568;396;285;279;8,1;3507159;960;26,9058296;26,63934426;2,318665919;
Bom Sucesso de Itarare;2011;42012;72;877;239;3595;398;302;277;8,32;3507159;977;27,17663421;27,25199544;1,993324061;
Bom Sucesso de Itarare;2012;42020;71;982;270;3621;407;320;275;8,56;3507159;1002;27,67191384;27,49490835;1,96630765;
Bom Sucesso de Itarare;2013;47981;70;1067;288;3648;412;339;273;8,8;3507159;1024;28,07017544;26,99156514;1,915570175;
Bom Sucesso de Itarare;2014;51302;70;1197;321;3676;414;358;271;9;3507159;1043;28,37323177;26,81704261;1,9085963;
Bom Sucesso de Itarare;2015;43480;65;1290;352;3703;408;379;269;9,29;3507159;1056;28,51741831;27,28682171;1,748042128;
Bom Sucesso de Itarare;2016;43480;;;;3734;398;382;286;9,48;3507159;1066;28,54847349;;;
Bora;2010;60525;79;291;46;805;84;60;82;10,68;3507209;226;28,07453416;15,80756014;9,795031056;10
Bora;2011;44295;62;314;54;805;84;64;76;10,81;3507209;224;27,82608696;17,19745223;7,701863354;10
Bora;2012;72194;70;355;65;806;75;69;71;11,04;3507209;215;26,67493797;18,30985915;8,740694789;10
Bora;2013;69238;75;381;66;807;70;73;66;11,9;3507209;209;25,8983891;17,32283465;9,293680297;10
Bora;2014;73128;97;381;64;808;66;77;62;12,13;3507209;205;25,37128713;16,79790026;12,04207921;10
Bora;2015;63876;118;408;67;808;62;82;58;12,38;3507209;202;25;16,42156863;14,56064356;10
Bora;2016;63876;;;;809;58;81;62;12,86;3507209;201;24,84548826;;;10
Boraceia;2010;159010;61;1897;253;4263;393;378;366;13,21;3507308;1137;26,6713582;13,33684765;1,427398546;11
Boraceia;2011;185078;64;2023;276;4313;394;385;372;13,4;3507308;1151;26,68676096;13,6431043;1,476466497;11
Boraceia;2012;184689;68;2176;297;4364;385;398;379;13,59;3507308;1162;26,62694775;13,64889706;1,554537122;11
Boraceia;2013;188860;60;2326;305;4416;382;405;385;13,81;3507308;1172;26,53985507;13,11263972;1,364809783;11
Boraceia;2014;143931;66;2469;307;4468;379;411;393;14,01;3507308;1183;26,47717099;12,43418388;1,478513876;11
Boraceia;2015;172314;66;2490;325;4521;375;412;399;14,27;3507308;1186;26,23313426;13,05220884;1,454103075;11
Boraceia;2016;172314;;;;4568;361;413;404;14,51;3507308;1178;25,78809107;;;11
Borborema;2010;217809;68;6398;1308;14517;1093;1248;1223;14,59;3507407;3564;24,55052697;20,44388872;0,470345113;55
Borborema;2011;245040;67;6950;1444;14607;1089;1224;1241;14,88;3507407;3554;24,3308003;20,77697842;0,459642637;55
Borborema;2012;259663;66;7585;1560;14699;1085;1201;1256;15,21;3507407;3542;24,09687734;20,56690837;0,450370774;55
Borborema;2013;285855;62;8258;1645;14791;1081;1178;1272;15,51;3507407;3531;23,87262525;19,9200775;0,421066865;55
Borborema;2014;320686;60;8876;1738;14883;1076;1157;1285;15,81;3507407;3518;23,63770745;19,58089229;0,406100921;55
Borborema;2015;265811;59;9262;1805;14976;1072;1135;1296;16,15;3507407;3503;23,39075855;19,48823148;0,393696581;55
Borborema;2016;265811;;;;15045;1058;1128;1272;16,56;3507407;3458;22,98438019;;;55
Borebi;2010;38515;64;611;112;2290;218;202;165;10,83;3507456;585;25,54585153;18,33060556;2,811790393;15
Borebi;2011;52945;67;661;119;2320;219;208;175;11,08;3507456;602;25,94827586;18,00302572;2,895689655;15
Borebi;2012;46869;61;770;132;2350;222;214;184;11,36;3507456;620;26,38297872;17,14285714;2,598723404;15
Borebi;2013;45159;73;847;153;2381;223;220;194;11,76;3507456;637;26,75346493;18,06375443;3,086098278;15
Borebi;2014;44531;82;904;179;2413;220;234;203;12,1;3507456;657;27,22751761;19,80088496;3,4053046;15
Borebi;2015;45604;73;969;190;2444;221;231;215;12,6;3507456;667;27,2913257;19,60784314;2,990180033;15
Borebi;2016;45604;;;;2470;214;234;220;12,79;3507456;668;27,04453441;;;15
Botucatu;2010;3012753;72;68494;13621;127156;10020;10890;11341;13,36;3507506;32251;25,36333323;19,88641341;0,056473938;154
Botucatu;2011;3328759;74;73811;14740;128660;10083;10866;11416;13,63;3507506;32365;25,15544847;19,96992318;0,057539251;154
Botucatu;2012;3498940;75;78703;15618;130183;10145;10839;11489;13,91;3507506;32473;24,94411713;19,84422449;0,057311631;154
Botucatu;2013;3940404;76;83121;16147;131723;10203;10810;11560;14,19;3507506;32573;24,72840734;19,42589719;0,057894217;154
Botucatu;2014;4186986;78;86867;16783;133281;10259;10776;11626;14,47;3507506;32661;24,50536836;19,32034029;0,058665526;154
Botucatu;2015;3593568;77;90193;17443;134858;10312;10741;11692;14,76;3507506;32745;24,28109567;19,33963833;0,056978451;154
Botucatu;2016;3593568;;;;136091;10044;10763;11626;15,13;3507506;32433;23,83184781;;;154
Braganca Paulista;2010;3245515;73;84494;23928;146548;11995;12508;12921;12,75;3507605;37424;25,53702541;28,31917059;0,049703851;101
Braganca Paulista;2011;3752011;75;92064;26057;148437;12098;12609;13047;12,98;3507605;37754;25,43435936;28,30313695;0,050526486;101
Braganca Paulista;2012;4140414;80;98952;27638;150351;12197;12707;13173;13,22;3507605;38077;25,32540522;27,93071388;0,052929478;101
Braganca Paulista;2013;4508779;82;104848;28853;152290;12291;12799;13295;13,45;3507605;38385;25,2052006;27,51888448;0,05406133;101
Braganca Paulista;2014;4840392;84;110232;30186;154253;12383;12887;13410;13,69;3507605;38680;25,07568734;27,3840627;0,054274471;101
Braganca Paulista;2015;4097422;83;114782;31460;156241;12470;12971;13523;13,93;3507605;38964;24,93839645;27,40847868;0,052988652;101
Braganca Paulista;2016;4097422;;;;157759;11984;13018;13576;14,3;3507605;38578;24,45375541;;;101
Brauna;2010;52740;67;1747;277;5015;389;449;439;16,21;3507704;1277;25,46360917;15,85575272;1,329411765;20
Brauna;2011;55718;64;1919;302;5071;392;444;455;16,35;3507704;1291;25,45848945;15,73736321;1,260303688;20
Brauna;2012;61860;59;2099;330;5128;394;440;467;16,54;3507704;1301;25,37051482;15,72177227;1,144695788;20
Brauna;2013;69833;69;2262;351;5186;397;435;475;16,66;3507704;1307;25,20246818;15,51724138;1,326648669;20
Brauna;2014;66202;71;2391;382;5244;399;430;488;16,88;3507704;1317;25,11441648;15,97657884;1,352784134;20
Brauna;2015;61271;63;2482;386;5304;402;426;490;17,08;3507704;1318;24,84917044;15,55197421;1,187405732;20
Brauna;2016;61271;;;;5353;387;427;493;17,32;3507704;1307;24,41621521;;;20
Brejo Alegre;2010;132221;72;969;137;2571;207;204;215;13,03;3507753;626;24,34850253;14,13828689;2,800466744;8
Brejo Alegre;2011;114408;83;1044;147;2592;211;207;214;13,31;3507753;632;24,38271605;14,08045977;3,194830247;8
Brejo Alegre;2012;129939;92;1115;150;2613;216;209;215;13,62;3507753;640;24,49292002;13,4529148;3,530424799;8
Brejo Alegre;2013;179241;88;1204;170;2634;220;212;214;14,01;3507753;646;24,5254366;14,11960133;3,332953683;8
Brejo Alegre;2014;201006;78;1217;167;2656;226;214;215;14,34;3507753;655;24,66114458;13,72226787;2,934487952;8
Brejo Alegre;2015;151363;74;1279;183;2677;230;217;214;14,72;3507753;661;24,6918192;14,30805317;2,781098244;8
Brejo Alegre;2016;151363;;;;2695;223;221;216;15,1;3507753;660;24,48979592;;;8
Brodowski;2010;274485;54;9440;1382;21070;1860;1811;1738;12,52;3507803;5409;25,67157095;14,63983051;0,256003797;
Brodowski;2011;332919;57;10388;1590;21382;1872;1859;1791;12,76;3507803;5522;25,82546067;15,30612245;0,268543635;
Brodowski;2012;365487;55;11220;1786;21700;1887;1908;1845;13,02;3507803;5640;25,99078341;15,91800357;0,251382488;
Brodowski;2013;431643;53;12102;1927;22021;1898;1958;1898;13,26;3507803;5754;26,12960356;15,92298794;0,240588529;
Brodowski;2014;471178;55;12962;2055;22349;1911;2004;1953;13,51;3507803;5868;26,25620833;15,85403487;0,244440467;
Brodowski;2015;375142;54;13593;2106;22680;1923;2053;2009;13,77;3507803;5985;26,38888889;15,49326859;0,239065256;
Brodowski;2016;375142;;;;22927;1867;2050;2046;14,09;3507803;5963;26,00863611;;;
Brotas;2010;406093;75;10282;1448;21556;1856;1810;1843;13,1;3507902;5509;25,55668955;14,08286326;0,34732789;65
Brotas;2011;475781;62;11220;1636;21798;1862;1840;1860;13,28;3507902;5562;25,51610239;14,58110517;0,284705019;65
Brotas;2012;494491;64;12181;1808;22044;1865;1872;1875;13,45;3507902;5612;25,45817456;14,84278795;0,290736708;65
Brotas;2013;532288;69;13208;1980;22292;1868;1899;1894;13,62;3507902;5661;25,39476045;14,9909146;0,309483223;65
Brotas;2014;629690;71;14004;2167;22542;1871;1933;1911;13,81;3507902;5715;25,35267501;15,47415024;0,316387188;65
Brotas;2015;507669;69;14500;2299;22796;1873;1965;1925;14;3507902;5763;25,28075101;15,85517241;0,301105457;65
Brotas;2016;507669;;;;23003;1810;1963;1949;14,32;3507902;5722;24,8750163;;;65
Buri;2010;203950;49;5113;1148;18555;1725;1518;1466;10,38;3508009;4709;25,37860415;22,45257188;0,261870116;33
Buri;2011;226045;51;5687;1330;18654;1749;1542;1459;10,59;3508009;4750;25,46370752;23,38667136;0,272274043;33
Buri;2012;216187;48;6269;1500;18755;1775;1565;1451;10,82;3508009;4791;25,54518795;23,92726113;0,256731538;33
Buri;2013;272075;53;6829;1603;18855;1802;1589;1444;11,04;3508009;4835;25,6430655;23,47342217;0,278971095;33
Buri;2014;346758;53;7397;1697;18957;1823;1614;1437;11,27;3508009;4874;25,71081922;22,94173314;0,2794746;33
Buri;2015;253003;48;7931;1820;19059;1846;1638;1427;11,51;3508009;4911;25,76735401;22,94792586;0,249855711;33
Buri;2016;253003;;;;19181;1811;1668;1455;11,79;3508009;4934;25,72337209;;;33
Buritama;2010;360766;61;6683;2044;15404;1212;1258;1246;14,57;3508108;3716;24,12360426;30,58506659;0,394897429;26
Buritama;2011;375447;68;7420;2329;15532;1201;1263;1268;14,81;3508108;3732;24,02781355;31,38814016;0,438900335;26
Buritama;2012;437169;72;8309;2644;15661;1192;1269;1282;15,04;3508108;3743;23,90013409;31,82091708;0,458144435;26
Buritama;2013;462022;74;9019;2890;15790;1179;1274;1305;15,31;3508108;3758;23,79987334;32,0434638;0,466244459;26
Buritama;2014;369669;75;9661;3048;15921;1167;1279;1325;15,56;3508108;3771;23,68569813;31,54952903;0,473148672;26
Buritama;2015;401015;69;10036;3116;16053;1156;1284;1337;15,83;3508108;3777;23,52831246;31,04822639;0,427334455;26
Buritama;2016;401015;;;;16160;1114;1270;1351;16,19;3508108;3735;23,11262376;;;26
Buritizal;2010;87685;40;1916;328;4050;314;339;361;15,26;3508207;1014;25,03703704;17,11899791;0,987654321;13
Buritizal;2011;121587;44;2059;355;4077;309;335;363;15,55;3508207;1007;24,69953397;17,24137931;1,072357125;13
Buritizal;2012;133783;41;2195;396;4105;305;331;360;15,93;3508207;996;24,26309379;18,04100228;0,993422655;13
Buritizal;2013;156222;34;2405;428;4133;299;328;359;16,31;3508207;986;23,85676264;17,7962578;0,824824583;13
Buritizal;2014;175386;40;2496;435;4160;295;324;348;16,66;3508207;967;23,24519231;17,42788462;0,967067308;13
Buritizal;2015;134933;34;2551;437;4188;291;320;345;17,07;3508207;956;22,82712512;17,13053704;0,809933142;13
Buritizal;2016;134933;;;;4211;284;315;341;17,41;3508207;940;22,32248872;;;13
Cabralia Paulista;2010;100391;108;1418;263;4367;427;339;366;12,21;3508306;1132;25,92168537;18,54724965;2,482253263;16
Cabralia Paulista;2011;99729;102;1570;290;4358;424;351;356;12,48;3508306;1131;25,95227168;18,47133758;2,330197338;16
Cabralia Paulista;2012;97191;100;1712;308;4349;404;365;346;12,83;3508306;1115;25,63807772;17,99065421;2,308806622;16
Cabralia Paulista;2013;82446;110;1853;341;4340;399;378;335;13,13;3508306;1112;25,62211982;18,40259039;2,526728111;16
Cabralia Paulista;2014;85855;125;2007;366;4331;384;398;324;13,48;3508306;1106;25,53682752;18,23617339;2,878549988;16
Cabralia Paulista;2015;93122;133;2135;382;4322;374;404;314;13,86;3508306;1092;25,26608052;17,89227166;3,06732994;16
Cabralia Paulista;2016;93122;;;;4319;363;402;327;14,29;3508306;1092;25,28363047;;;16
Cabreuva;2010;1412089;75;16306;3509;41525;3805;3953;3978;8,13;3508405;11736;28,26249247;21,51968601;0,181360626;48
Cabreuva;2011;1908403;79;18360;3940;42301;3866;3993;4045;8,35;3508405;11904;28,1411787;21,45969499;0,187607858;48
Cabreuva;2012;2426146;80;20374;4274;43092;3924;4030;4112;8,58;3508405;12066;28,00055695;20,9777167;0,184813887;48
Cabreuva;2013;2665912;80;22570;4540;43899;3983;4066;4176;8,83;3508405;12225;27,84801476;20,11519716;0,182828766;48
Cabreuva;2014;2875873;77;24309;4773;44719;4042;4101;4238;9,07;3508405;12381;27,68621839;19,6347032;0,171202397;48
Cabreuva;2015;2257685;73;25463;4993;45556;4098;4134;4302;9,32;3508405;12534;27,51339011;19,60884421;0,159583809;48
Cabreuva;2016;2257685;;;;46306;4026;4186;4336;9,6;3508405;12548;27,09800026;;;48
Cachoeira Paulista;2010;307019;74;9868;2160;30066;2452;2506;2614;12,77;3508603;7572;25,18459389;21,88893393;0,246956695;42
Cachoeira Paulista;2011;343815;74;10918;2409;30295;2449;2508;2606;13,08;3508603;7563;24,9645156;22,06448067;0,24400066;42
Cachoeira Paulista;2012;394195;74;11995;2637;30524;2446;2508;2600;13,42;3508603;7554;24,74773948;21,98416007;0,243906434;42
Cachoeira Paulista;2013;458379;78;12899;2793;30756;2441;2510;2590;13,75;3508603;7541;24,51879308;21,65284131;0,252048381;42
Cachoeira Paulista;2014;505805;77;13661;2923;30989;2437;2508;2578;14,09;3508603;7523;24,27635613;21,39667667;0,249798316;42
Cachoeira Paulista;2015;401843;73;14450;3059;31225;2431;2507;2567;14,43;3508603;7505;24,03522818;21,16955017;0,234619696;42
Cachoeira Paulista;2016;401843;;;;31423;2373;2502;2565;14,88;3508603;7440;23,67692455;;;42
Caconde;2010;183487;63;6370;891;18537;1624;1431;1307;14,57;3508702;4362;23,53131575;13,98744113;0,338404273;19
Caconde;2011;185893;61;6986;1007;18566;1646;1460;1323;14,92;3508702;4429;23,85543467;14,41454337;0,330442745;19
Caconde;2012;271270;62;7640;1111;18596;1665;1490;1339;15,27;3508702;4494;24,16648742;14,54188482;0,335072059;19
Caconde;2013;207007;62;8177;1192;18626;1687;1519;1353;15,62;3508702;4559;24,47653817;14,5774734;0,330881563;19
Caconde;2014;248030;64;8684;1291;18655;1702;1548;1368;15,97;3508702;4618;24,75475744;14,866421;0,34532297;19
Caconde;2015;219137;59;9095;1409;18685;1724;1576;1381;16,34;3508702;4681;25,05218089;15,49202859;0,315707787;19
Caconde;2016;219137;;;;18719;1652;1598;1412;16,72;3508702;4662;24,90517656;;;19
Cafelandia;2010;261964;74;6242;1109;16600;1369;1356;1351;15,01;3508801;4076;24,55421687;17,76674143;0,447771084;31
Cafelandia;2011;282930;64;6842;1260;16667;1369;1357;1350;15,27;3508801;4076;24,45551089;18,41566793;0,385312294;31
Cafelandia;2012;290216;74;7429;1367;16735;1350;1356;1352;15,52;3508801;4058;24,24858082;18,40086149;0,442545563;31
Cafelandia;2013;335201;72;8050;1459;16802;1341;1360;1352;15,79;3508801;4053;24,12212832;18,1242236;0,428579931;31
Cafelandia;2014;328175;77;8571;1551;16871;1332;1368;1352;16,05;3508801;4052;24,0175449;18,0959048;0,456641574;31
Cafelandia;2015;299697;81;9028;1636;16939;1321;1365;1351;16,34;3508801;4037;23,83257571;18,12140009;0,477182833;31
Cafelandia;2016;299697;;;;17000;1262;1361;1355;16,65;3508801;3978;23,4;;;31
Caiabu;2010;53478;76;1272;247;4072;353;363;291;15,42;3508900;1007;24,72986248;19,41823899;1,868369352;9
Caiabu;2011;45661;76;1405;264;4076;347;367;301;15,7;3508900;1015;24,90186457;18,79003559;1,864082434;9
Caiabu;2012;44691;81;1541;280;4081;339;357;314;16;3508900;1010;24,74883607;18,17001947;1,972555746;9
Caiabu;2013;48385;84;1649;303;4085;331;360;324;16,33;3508900;1015;24,84700122;18,37477259;2,052631579;9
Caiabu;2014;49004;73;1712;310;4090;324;354;336;16,6;3508900;1014;24,79217604;18,10747664;1,781662592;9
Caiabu;2015;48244;71;1777;309;4094;317;340;348;16,93;3508900;1005;24,5481192;17,38885763;1,725696141;9
Caiabu;2016;48244;;;;4095;301;333;352;17,26;3508900;986;24,07814408;;;9
Caieiras;2010;1998876;82;26491;4003;86389;7581;7751;7738;7,98;3509007;23070;26,7047888;15,11079234;0,094618528;24
Caieiras;2011;2042344;81;30192;4574;87793;7716;7843;7870;8,31;3509007;23429;26,68663789;15,14970853;0,092672537;24
Caieiras;2012;2427255;80;34343;5135;89219;7847;7931;7998;8,65;3509007;23776;26,64903216;14,95210086;0,08945404;24
Caieiras;2013;2646902;82;37756;5510;90669;7978;8017;8128;9;3509007;24123;26,6055653;14,59370696;0,090471936;24
Caieiras;2014;3801890;80;39701;5772;92142;8107;8100;8253;9,36;3509007;24460;26,54598337;14,53867661;0,087267478;24
Caieiras;2015;2583453;77;40889;5980;93639;8234;8181;8379;9,74;3509007;24794;26,47828362;14,62496026;0,08230545;24
Caieiras;2016;2583453;;;;94994;7998;8309;8470;10,16;3509007;24777;26,08269996;;;24
Caiua;2010;57394;60;1187;315;5031;415;404;355;13,97;3509106;1174;23,33532101;26,53748947;1,195786126;18
Caiua;2011;58576;60;1245;319;5089;428;418;370;14,34;3509106;1216;23,89467479;25,62248996;1,177441541;18
Caiua;2012;66044;60;1356;333;5148;443;432;385;14,76;3509106;1260;24,47552448;24,55752212;1,158119658;18
Caiua;2013;65735;58;1409;335;5207;452;444;400;15,1;3509106;1296;24,88957173;23,77572747;1,120798925;18
Caiua;2014;76534;48;1467;351;5267;471;457;415;15,45;3509106;1343;25,49838618;23,92638037;0,91873932;18
Caiua;2015;64857;43;1557;357;5329;480;470;431;15,88;3509106;1381;25,91480578;22,92870906;0,815537624;18
Caiua;2016;64857;;;;5381;465;484;444;16,15;3509106;1393;25,88738153;;;18
Cajamar;2010;5460802;73;22450;3275;63989;5816;6306;6404;6,84;3509205;18526;28,9518511;14,58797327;0,114425917;25
Cajamar;2011;6201955;74;25306;3714;65336;5904;6322;6507;7,08;3509205;18733;28,67178891;14,67636134;0,112571936;25
Cajamar;2012;7056254;78;28497;4203;66711;5992;6336;6602;7,33;3509205;18930;28,37612987;14,74892094;0,116382606;25
Cajamar;2013;8022352;80;31448;4629;68115;6078;6348;6698;7,58;3509205;19124;28,07604786;14,71953701;0,116802466;25
Cajamar;2014;9911054;82;34110;5052;69549;6162;6354;6797;7,84;3509205;19313;27,76891113;14,81090589;0,118075026;25
Cajamar;2015;7330483;75;36067;5376;71013;6245;6360;6890;8,11;3509205;19495;27,45271992;14,90559237;0,105698957;25
Cajamar;2016;7330483;;;;72289;6108;6434;6894;8,45;3509205;19436;26,88652492;;;25
Cajati;2010;835391;65;7293;2410;28379;2683;2243;2239;10,43;3509254;7165;25,2475422;33,04538599;0,230416858;42
Cajati;2011;912664;69;8348;2804;28403;2735;2292;2201;10,7;3509254;7228;25,44801605;33,58888356;0,243777066;42
Cajati;2012;967639;68;9427;3146;28429;2786;2342;2164;11;3509254;7292;25,64986457;33,3722287;0,238875796;42
Cajati;2013;923583;66;10483;3372;28453;2834;2391;2126;11,29;3509254;7351;25,83558851;32,16636459;0,231047693;42
Cajati;2014;1067029;63;11308;3595;28479;2887;2441;2086;11,57;3509254;7414;26,03321746;31,79165193;0,221847677;42
Cajati;2015;941261;61;11971;3759;28503;2934;2489;2047;11,85;3509254;7470;26,2077676;31,40088547;0,213626636;42
Cajati;2016;941261;;;;28601;2816;2552;2105;12,16;3509254;7473;26,12845705;;;42
Cajobi;2010;92383;64;3581;387;9763;842;911;890;14,21;3509304;2643;27,07159685;10,80703714;0,65502407;12
Cajobi;2011;99636;66;3886;448;9802;813;901;895;14,53;3509304;2609;26,61701694;11,52856408;0,669353193;12
Cajobi;2012;95441;63;4219;494;9840;785;884;904;14,89;3509304;2573;26,14837398;11,70893577;0,642682927;12
Cajobi;2013;112943;60;4484;565;9879;758;870;903;15,23;3509304;2531;25,62000202;12,60035682;0,609170969;12
Cajobi;2014;116041;65;4703;571;9919;730;855;911;15,59;3509304;2496;25,163827;12,14118648;0,657122694;12
Cajobi;2015;103289;62;4904;603;9958;703;841;910;15,97;3509304;2454;24,64350271;12,29608483;0,619702752;12
Cajobi;2016;103289;;;;9987;694;813;899;16,36;3509304;2406;24,09131871;;;12
Cajuru;2010;306019;63;9830;1516;23348;2160;2068;1922;12,6;3509403;6150;26,34058592;15,42217701;0,268374165;57
Cajuru;2011;320411;66;10599;1668;23581;2153;2097;1962;12,77;3509403;6212;26,34324244;15,73733371;0,280649676;57
Cajuru;2012;393033;65;11312;1764;23817;2141;2124;2000;12,98;3509403;6265;26,30474031;15,59405941;0,274635764;57
Cajuru;2013;435622;67;12093;1856;24054;2127;2153;2040;13,17;3509403;6320;26,27421635;15,34772182;0,277251185;57
Cajuru;2014;488168;68;12754;1955;24295;2115;2178;2081;13,36;3509403;6374;26,235851;15,32852438;0,279687178;57
Cajuru;2015;388651;68;13264;2035;24537;2102;2208;2120;13,56;3509403;6430;26,20532257;15,34227986;0,27590985;57
Cajuru;2016;388651;;;;24758;2027;2192;2147;13,87;3509403;6366;25,71290088;;;57
Campina do Monte Alegre;2010;81102;78;1444;292;5564;469;468;451;12,78;3509452;1388;24,94608196;20,22160665;1,397196262;15
Campina do Monte Alegre;2011;100751;75;1598;345;5589;477;468;453;13,01;3509452;1398;25,01341922;21,58948686;1,343531938;15
Campina do Monte Alegre;2012;85659;78;1741;379;5614;485;466;454;13,31;3509452;1405;25,02671892;21,76909822;1,393480584;15
Campina do Monte Alegre;2013;99830;81;1932;400;5639;495;464;456;13,65;3509452;1415;25,09310161;20,70393375;1,442276999;15
Campina do Monte Alegre;2014;86184;82;2099;414;5665;509;461;456;14,03;3509452;1426;25,17210944;19,72367794;1,443248014;15
Campina do Monte Alegre;2015;90705;80;2281;447;5690;506;460;457;14,48;3509452;1423;25,00878735;19,59666813;1,411775044;15
Campina do Monte Alegre;2016;90705;;;;5714;501;468;456;14,7;3509452;1425;24,93874694;;;15
Campinas;2010;38195022;75;695852;100324;1079140;81617;96731;103967;12,39;3509502;282315;26,16110977;14,41743359;0,006916619;227
Campinas;2011;44613748;72;744550;110120;1090000;81704;94979;103694;12,72;3509502;280377;25,72266055;14,7901417;0,006631193;227
Campinas;2012;48438677;75;788232;115415;1100970;81758;93220;103376;13,06;3509502;278354;25,28261442;14,64226268;0,006778568;227
Campinas;2013;54363858;78;824987;118632;1112050;81778;91457;103017;13,41;3509502;276252;24,84168877;14,37986296;0,006974507;227
Campinas;2014;57673309;79;844035;120524;1123241;81766;89691;102617;13,75;3509502;274074;24,40028453;14,27950263;0,006992266;227
Campinas;2015;48656923;72;857029;122469;1134546;81719;87925;102180;14,11;3509502;271824;23,95883464;14,28994818;0,006375237;227
Campinas;2016;48656923;;;;1142620;79054;87814;100130;14,55;3509502;266998;23,36717369;;;227
Campo Limpo Paulista;2010;1189440;79;28403;6107;73981;6512;6681;6801;9,28;3509601;19994;27,02585799;21,50124987;0,106513835;12
Campo Limpo Paulista;2011;1376221;80;31201;6696;74886;6507;6706;6841;9,66;3509601;20054;26,77937131;21,46085061;0,106481852;12
Campo Limpo Paulista;2012;1416800;81;34032;7160;75803;6500;6729;6879;10,05;3509601;20108;26,52665462;21,0390221;0,106724008;12
Campo Limpo Paulista;2013;1505366;81;36532;7504;76729;6490;6749;6914;10,46;3509601;20153;26,26516702;20,54089565;0,105305686;12
Campo Limpo Paulista;2014;1569453;82;38759;7848;77669;6477;6765;6945;10,88;3509601;20187;25,99106465;20,24820042;0,106129859;12
Campo Limpo Paulista;2015;1411456;79;40431;8123;78619;6461;6779;6977;11,32;3509601;20217;25,71515791;20,09101927;0,099963113;12
Campo Limpo Paulista;2016;1411456;;;;79446;6284;6765;6994;11,77;3509601;20043;25,22845707;;;12
Campos do Jordao;2010;681916;63;22391;5357;47758;4346;4130;4120;9,06;3509700;12596;26,3746388;23,92479121;0,132480422;18
Campos do Jordao;2011;760042;65;23986;5755;48003;4354;4149;4094;9,35;3509700;12597;26,24210987;23,99316268;0,13444993;18
Campos do Jordao;2012;807971;66;25475;6027;48249;4358;4165;4065;9,64;3509700;12588;26,08965989;23,65848871;0,13768161;18
Campos do Jordao;2013;920718;71;27134;6338;48497;4365;4179;4035;9,94;3509700;12579;25,93768687;23,35814845;0,147122502;18
Campos do Jordao;2014;1056052;70;28861;6704;48746;4366;4191;4003;10,26;3509700;12560;25,76621672;23,22857836;0,143745128;18
Campos do Jordao;2015;1411456;65;30143;7002;48997;4366;4202;3969;10,57;3509700;12537;25,58728085;23,22927379;0,13276323;18
Campos do Jordao;2016;1411456;;;;49219;4202;4214;3989;10,99;3509700;12405;25,20368151;;;18
Campos Novos Paulista;2010;78906;54;1279;295;4536;370;325;364;14,42;3509809;1059;23,34656085;23,06489445;1,184082892;14
Campos Novos Paulista;2011;88853;55;1377;307;4563;377;334;357;14,75;3509809;1068;23,40565417;22,29484386;1,199649353;14
Campos Novos Paulista;2012;93455;54;1487;320;4592;386;344;349;15,05;3509809;1079;23,49738676;21,5198386;1,167682927;14
Campos Novos Paulista;2013;106094;52;1659;362;4620;395;353;342;15,35;3509809;1090;23,59307359;21,82037372;1,127272727;14
Campos Novos Paulista;2014;110286;59;1826;399;4648;410;362;334;15,66;3509809;1106;23,79518072;21,85104053;1,266566265;14
Campos Novos Paulista;2015;95519;53;1928;433;4677;408;372;327;16,08;3509809;1107;23,6690186;22,45850622;1,125721616;14
Campos Novos Paulista;2016;95519;;;;4705;406;379;336;16,26;3509809;1121;23,82571732;;;14
Cananeia;2010;430181;71;1935;584;12227;1102;902;884;12,71;3509908;2888;23,61985769;30,18087855;0,578392083;62
Cananeia;2011;841203;67;2140;658;12223;1127;928;874;13,05;3509908;2929;23,96302054;30,74766355;0,548965066;62
Cananeia;2012;443180;65;2496;744;12221;1151;952;862;13,44;3509908;2965;24,26151706;29,80769231;0,53162589;62
Cananeia;2013;450251;62;2720;793;12217;1175;977;851;13,8;3509908;3003;24,58050258;29,15441176;0,504624703;62
Cananeia;2014;406390;69;2940;866;12215;1197;1003;840;14,16;3509908;3040;24,88743348;29,45578231;0,562341384;62
Cananeia;2015;514241;66;3174;945;12211;1223;1027;827;14,55;3509908;3077;25,19859143;29,7731569;0,537466219;62
Cananeia;2016;514241;;;;12236;1161;1056;855;14,92;3509908;3072;25,10624387;;;62
Canas;2010;28774;61;904;198;4378;397;398;387;9,02;3509957;1182;26,99862951;21,90265487;1,395386021;14
Canas;2011;68198;60;1045;240;4447;403;403;394;9,26;3509957;1200;26,98448392;22,96650718;1,341803463;14
Canas;2012;84172;60;1178;259;4517;419;407;401;9,59;3509957;1227;27,16404693;21,98641766;1,317688731;14
Canas;2013;100020;59;1323;276;4588;419;413;410;9,85;3509957;1242;27,07061901;20,861678;1,285091543;14
Canas;2014;111576;49;1468;304;4660;425;416;415;10,24;3509957;1256;26,9527897;20,70844687;1,05193133;14
Canas;2015;78548;62;1582;314;4733;428;421;423;10,54;3509957;1272;26,87513205;19,8482933;1,317346292;14
Canas;2016;78548;;;;4797;420;425;433;10,82;3509957;1278;26,64165103;;;14
Candido Mota;2010;466158;74;12868;2823;29879;2468;2624;2315;14,1;3510005;7407;24,78998628;21,93814113;0,248268014;53
Candido Mota;2011;521531;71;13930;3108;29896;2438;2577;2359;14,45;3510005;7374;24,66550709;22,31155779;0,236085095;53
Candido Mota;2012;602029;81;15201;3393;29913;2408;2531;2403;14,83;3510005;7342;24,54451242;22,32089994;0,272423361;53
Candido Mota;2013;689602;80;16168;3592;29931;2378;2485;2447;15,2;3510005;7310;24,4228392;22,21672439;0,26851759;53
Candido Mota;2014;713505;79;17009;3773;29948;2346;2437;2485;15,57;3510005;7268;24,26873247;22,18237404;0,263924135;53
Candido Mota;2015;598565;75;17732;3900;29965;2314;2390;2532;15,95;3510005;7236;24,14817287;21,9941349;0,250492241;53
Candido Mota;2016;598565;;;;29976;2216;2364;2486;16,42;3510005;7066;23,57219109;;;53
Candido Rodrigues;2010;51285;83;1255;186;2668;193;244;191;19,6;3510104;628;23,53823088;14,82071713;3,123313343;8
Candido Rodrigues;2011;51569;74;1346;201;2669;184;239;200;19,71;3510104;623;23,34207568;14,93313522;2,764705882;8
Candido Rodrigues;2012;56919;68;1423;206;2670;178;227;210;19,78;3510104;615;23,03370787;14,47645819;2,558801498;8
Candido Rodrigues;2013;63684;71;1531;217;2673;169;212;221;20,05;3510104;602;22,52151141;14,17374265;2,661054994;8
Candido Rodrigues;2014;69978;90;1623;235;2674;161;201;237;20,19;3510104;599;22,40089753;14,47935921;3,381824981;8
Candido Rodrigues;2015;58687;78;1664;242;2675;154;191;240;20,45;3510104;585;21,86915888;14,54326923;2,907663551;8
Candido Rodrigues;2016;58687;;;;2675;155;183;232;20,82;3510104;570;21,30841121;;;8
Canitar;2010;107004;53;949;128;4361;372;356;394;9,26;3510153;1122;25,72804403;13,48788198;1,211648704;9
Canitar;2011;117280;56;1057;156;4421;390;363;391;9,5;3510153;1144;25,87649853;14,75875118;1,257634019;9
Canitar;2012;97785;57;1182;164;4483;408;371;388;9,7;3510153;1167;26,03167522;13,87478849;1,274592907;9
Canitar;2013;105078;68;1349;179;4546;428;379;385;9,92;3510153;1192;26,2208535;13,26908821;1,497140343;9
Canitar;2014;113108;68;1547;206;4610;447;386;382;10,13;3510153;1215;26,35574837;13,31609567;1,477657267;9
Canitar;2015;108051;67;1616;217;4674;467;393;378;10,38;3510153;1238;26,48694908;13,42821782;1,431322208;9
Canitar;2016;108051;;;;4736;478;411;385;10,52;3510153;1274;26,90033784;;;9
Capao Bonito;2010;505846;69;14971;4414;46183;4245;3788;3671;11,57;3510203;11704;25,34265855;29,48366843;0,14951389;120
Capao Bonito;2011;546200;73;16419;4887;46173;4260;3828;3639;11,87;3510203;11727;25,39795985;29,76429746;0,157429667;120
Capao Bonito;2012;532183;75;18039;5338;46163;4275;3864;3603;12,17;3510203;11742;25,4359552;29,59144077;0,162901025;120
Capao Bonito;2013;618083;74;19512;5690;46153;4286;3901;3569;12,48;3510203;11756;25,47180032;29,16154162;0,160227938;120
Capao Bonito;2014;712264;71;20900;6105;46143;4299;3936;3533;12,79;3510203;11768;25,50332662;29,21052632;0,153045966;120
Capao Bonito;2015;582915;62;22063;6443;46133;4310;3970;3496;13,09;3510203;11776;25,526196;29,20273762;0,134632476;120
Capao Bonito;2016;582915;;;;46190;4168;3999;3546;13,45;3510203;11713;25,35830266;;;120
Capela do Alto;2010;146816;64;6585;1817;17502;1591;1588;1464;10,48;3510302;4643;26,52839675;27,59301443;0,364244086;46
Capela do Alto;2011;169125;57;7247;2023;17793;1625;1618;1516;10,68;3510302;4759;26,74647333;27,91499931;0,319844883;46
Capela do Alto;2012;174376;59;8013;2193;18089;1661;1650;1569;10,89;3510302;4880;26,97772127;27,36802696;0,325556968;46
Capela do Alto;2013;234804;61;8777;2333;18390;1697;1678;1623;11,1;3510302;4998;27,17781403;26,58083628;0,329581294;46
Capela do Alto;2014;248260;63;9469;2471;18696;1727;1707;1679;11,32;3510302;5113;27,34809585;26,09568064;0,334403081;46
Capela do Alto;2015;194676;62;10154;2690;19006;1763;1736;1735;11,55;3510302;5234;27,538672;26,49202285;0,324423866;46
Capela do Alto;2016;194676;;;;19304;1729;1768;1765;11,78;3510302;5262;27,25859925;;;46
Capivari;2010;1107157;64;24642;4638;48512;4222;4459;4347;10,67;3510401;13028;26,85521108;18,82152423;0,132647592;54
Capivari;2011;1318009;66;26502;5096;49086;4202;4458;4414;10,9;3510401;13074;26,63488571;19,22873745;0,133459642;54
Capivari;2012;1444354;67;28426;5449;49665;4183;4449;4479;11,14;3510401;13111;26,39887245;19,16907057;0,134883721;54
Capivari;2013;1545321;66;30177;5795;50252;4161;4441;4546;11,38;3510401;13148;26,16413277;19,2033668;0,131158959;54
Capivari;2014;1639873;64;31473;6099;50847;4138;4433;4621;11,62;3510401;13192;25,94450017;19,37851492;0,124963125;54
Capivari;2015;1410943;62;32520;6389;51447;4114;4424;4683;11,87;3510401;13221;25,69829145;19,64637146;0,11975431;54
Capivari;2016;1410943;;;;51993;4035;4399;4677;12,21;3510401;13111;25,21685612;;;54
Caraguatatuba;2010;1609177;74;37103;11457;100634;8443;8353;8605;11,21;3510500;25401;25,24097224;30,87890467;0,073543733;56
Caraguatatuba;2011;1830143;73;42271;12829;102254;8639;8525;8714;11,5;3510500;25878;25,30756743;30,34941213;0,07161578;56
Caraguatatuba;2012;2199999;77;46841;14003;103900;8835;8701;8824;11,81;3510500;26360;25,3705486;29,89475033;0,074071222;56
Caraguatatuba;2013;2504935;80;51002;15049;105571;9037;8875;8932;12,11;3510500;26844;25,42743746;29,50668601;0,075683663;56
Caraguatatuba;2014;2885243;79;54747;15982;107271;9236;9051;9038;12,42;3510500;27325;25,47286778;29,19246717;0,073831697;56
Caraguatatuba;2015;2205899;75;57851;16743;108998;9442;9229;9145;12,73;3510500;27816;25,51973431;28,94159133;0,068615938;56
Caraguatatuba;2016;2205899;;;;110384;9211;9385;9281;13,05;3510500;27877;25,25456588;;;56
Carapicuiba;2010;3000085;75;124907;24934;369368;31453;34496;36524;8,04;3510609;102473;27,7427931;19,96205177;0,020210197;9
Carapicuiba;2011;3420202;73;139736;28293;372099;31592;33605;35795;8,48;3510609;100992;27,14116405;20,24746665;0,01960231;9
Carapicuiba;2012;3772660;73;152353;30500;374850;31712;32715;35056;8,93;3510609;99483;26,53941577;20,01929729;0,01942377;9
Carapicuiba;2013;4401712;74;163806;32748;377622;31811;31827;34315;9,41;3510609;97953;25,93943149;19,99194169;0,019577779;9
Carapicuiba;2014;4719835;75;170973;34260;380414;31889;30942;33566;9,9;3510609;96397;25,34002429;20,03825165;0,019707477;9
Carapicuiba;2015;3862899;73;176988;35742;383226;31945;30063;32812;10,41;3510609;94820;24,7425801;20,19458946;0,018991405;9
Carapicuiba;2016;3862899;;;;385474;31111;30242;31987;10,88;3510609;93340;24,2143439;;;9
Cardoso;2010;118513;74;4353;735;11803;903;934;881;16,87;3510708;2718;23,02804372;16,88490696;0,623231382;30
Cardoso;2011;125942;74;4790;842;11796;891;932;887;17,28;3510708;2710;22,97388945;17,5782881;0,628942014;30
Cardoso;2012;167428;68;5245;945;11789;882;916;894;17,69;3510708;2692;22,83484604;18,0171592;0,578505386;30
Cardoso;2013;151616;69;5731;1010;11782;870;903;900;18,12;3510708;2673;22,68714989;17,6234514;0,587845867;30
Cardoso;2014;178703;65;6117;1098;11775;857;895;913;18,56;3510708;2665;22,63269639;17,94997548;0,550488323;30
Cardoso;2015;148440;58;6420;1154;11768;846;885;911;19,03;3510708;2642;22,4507138;17,97507788;0,491417403;30
Cardoso;2016;148440;;;;11759;820;874;911;19,47;3510708;2605;22,15324432;;;30
Casa Branca;2010;430283;72;12313;3139;28294;2211;2455;2694;14,03;3510807;7360;26,01258217;25,49338098;0,253799392;93
Casa Branca;2011;493624;71;13327;3486;28415;2204;2471;2656;14,3;3510807;7331;25,79975365;26,15742478;0,250712652;93
Casa Branca;2012;483338;74;14386;3792;28535;2197;2487;2621;14,57;3510807;7305;25,60014018;26,3589601;0,260311898;93
Casa Branca;2013;509276;78;15267;3949;28657;2189;2502;2583;14,85;3510807;7274;25,38297798;25,86624746;0,272533761;93
Casa Branca;2014;564624;77;16127;4184;28779;2180;2516;2545;15,12;3510807;7241;25,16070746;25,94406895;0,265818826;93
Casa Branca;2015;496229;75;16839;4354;28903;2170;2529;2507;15,4;3510807;7206;24,93166799;25,85664232;0,260318998;93
Casa Branca;2016;496229;;;;29013;2099;2524;2524;15,74;3510807;7147;24,63378486;;;93
Cassia dos Coqueiros;2010;59546;74;905;107;2636;244;181;204;15,17;3510906;629;23,86191199;11,82320442;2,807283763;7
Cassia dos Coqueiros;2011;65697;61;966;116;2620;241;190;196;15,69;3510906;627;23,93129771;12,00828157;2,310687023;7
Cassia dos Coqueiros;2012;79931;61;1077;126;2602;239;199;188;16,1;3510906;626;24,0584166;11,69916435;2,35895465;7
Cassia dos Coqueiros;2013;85005;73;1129;129;2586;225;210;181;16,59;3510906;616;23,82057231;11,42604074;2,807037896;7
Cassia dos Coqueiros;2014;96099;82;1202;142;2569;213;226;172;17,13;3510906;611;23,78357337;11,81364393;3,176333204;7
Cassia dos Coqueiros;2015;77256;88;1274;151;2553;206;228;165;17,74;3510906;599;23,46259303;11,85243328;3,427340384;7
Cassia dos Coqueiros;2016;77256;;;;2542;200;226;174;18,21;3510906;600;23,60346184;;;7
Castilho;2010;327577;62;5176;1286;17975;1541;1464;1330;12,87;3511003;4335;24,11682893;24,84544049;0,344422809;47
Castilho;2011;395714;62;5818;1465;18254;1560;1511;1387;13,11;3511003;4458;24,42204448;25,18047439;0,33850115;47
Castilho;2012;424376;62;6432;1631;18537;1578;1557;1443;13,37;3511003;4578;24,69655284;25,35758706;0,336300372;47
Castilho;2013;432234;58;6988;1745;18824;1600;1605;1502;13,63;3511003;4707;25,00531237;24,97137951;0,310560986;47
Castilho;2014;455579;55;7571;1907;19116;1620;1648;1563;13,88;3511003;4831;25,27202344;25,1882182;0,285990793;47
Castilho;2015;407096;58;8035;2063;19412;1637;1702;1625;14,16;3511003;4964;25,57181125;25,67517113;0,300999382;47
Castilho;2016;407096;;;;19668;1577;1716;1669;14,47;3511003;4962;25,22879805;;;47
Catanduva;2010;2444102;82;80061;23770;112760;8570;9371;9850;15,12;3511102;27791;24,64615112;29,68986148;0,072623271;56
Catanduva;2011;2873464;84;85361;25590;113261;8436;9255;9807;15,42;3511102;27498;24,27843653;29,97856164;0,074482832;56
Catanduva;2012;3148659;88;90279;26907;113764;8302;9136;9757;15,72;3511102;27195;23,90475018;29,80427342;0,077379487;56
Catanduva;2013;3406024;92;94571;28076;114270;8167;9016;9707;16,03;3511102;26890;23,53198565;29,68774783;0,080213529;56
Catanduva;2014;3577635;85;97901;29201;114778;8031;8894;9653;16,34;3511102;26578;23,15600551;29,8270702;0,073751067;56
Catanduva;2015;3089977;84;99963;29897;115288;7895;8771;9596;16,66;3511102;26262;22,77947401;29,90806598;0,072557421;56
Catanduva;2016;3089977;;;;115669;7583;8631;9474;17,06;3511102;25688;22,20819753;;;56
Catigua;2010;86156;70;2459;340;7122;561;611;664;12,34;3511201;1836;25,77927548;13,82675885;0,97725358;29
Catigua;2011;85578;74;2654;377;7166;551;602;664;12,63;3511201;1817;25,35584706;14,20497362;1,026234999;29
Catigua;2012;97588;75;2907;424;7211;543;595;649;12,97;3511201;1787;24,78158369;14,58548332;1,041187075;29
Catigua;2013;108676;71;3142;488;7255;533;588;647;13,3;3511201;1768;24,36940041;15,53150859;0,978911096;29
Catigua;2014;107433;75;3289;501;7301;524;579;630;13,66;3511201;1733;23,73647446;15,23259349;1,032735242;29
Catigua;2015;97086;68;3444;514;7346;515;571;622;14,03;3511201;1708;23,25074871;14,92450639;0,923904166;29
Catigua;2016;97086;;;;7382;510;561;613;14,47;3511201;1684;22,812246;;;29
Cacapava;2010;2765680;73;36150;7717;84676;6955;7234;7657;11,52;3508504;21846;25,79951816;21,34716459;0,086399924;71
Cacapava;2011;3168298;70;39137;8301;85398;6962;7197;7592;11,86;3508504;21751;25,47015153;21,21010808;0,081395349;71
Cacapava;2012;3309843;74;42630;8931;86125;6966;7157;7525;12,21;3508504;21648;25,13555878;20,95003519;0,086351234;71
Cacapava;2013;3595378;74;46127;9447;86859;6969;7115;7455;12,57;3508504;21539;24,79766058;20,48041277;0,085517908;71
Cacapava;2014;3846022;75;48997;9925;87599;6969;7071;7383;12,94;3508504;21423;24,45575863;20,25634223;0,085606;71
Cacapava;2015;3337044;74;50651;10351;88346;6966;7025;7310;13,31;3508504;21301;24,11088221;20,43592427;0,084146424;71
Cacapava;2016;3337044;;;;88913;6744;7015;7254;13,76;3508504;21013;23,63321449;;;71
Cedral;2010;137460;56;3602;666;7960;552;627;621;17,56;3511300;1800;22,61306533;18,48972793;0,697487437;23
Cedral;2011;168750;59;3939;726;8052;562;625;635;17,64;3511300;1822;22,62791853;18,43107388;0,734724292;23
Cedral;2012;187653;64;4360;788;8146;573;622;650;17,73;3511300;1845;22,64915296;18,0733945;0,785784434;23
Cedral;2013;238944;69;4682;821;8241;583;621;664;17,84;3511300;1868;22,66715204;17,53524135;0,836063585;23
Cedral;2014;251371;55;4965;873;8337;594;618;688;17,92;3511300;1900;22,78997241;17,58308157;0,657670625;23
Cedral;2015;196836;59;5270;955;8434;605;616;696;18,05;3511300;1917;22,7294285;18,12144213;0,698838037;23
Cedral;2016;196836;;;;8513;591;625;700;18,3;3511300;1916;22,50675438;;;23
Cerqueira Cesar;2010;319998;63;6873;1125;17511;1595;1492;1341;13,24;3511409;4428;25,28696248;16,36839808;0,361829707;58
Cerqueira Cesar;2011;348424;72;7593;1282;17683;1586;1526;1384;13,46;3511409;4496;25,42554996;16,88397208;0,408471413;58
Cerqueira Cesar;2012;418160;80;8434;1433;17858;1559;1558;1430;13,68;3511409;4547;25,46197783;16,99075172;0,445178631;58
Cerqueira Cesar;2013;478802;81;9209;1553;18034;1541;1594;1475;13,91;3511409;4610;25,56282577;16,86393745;0,447377176;58
Cerqueira Cesar;2014;507786;84;9843;1661;18212;1521;1643;1522;14,14;3511409;4686;25,73028772;16,8749365;0,461893257;58
Cerqueira Cesar;2015;414634;87;10292;1716;18391;1502;1670;1570;14,39;3511409;4742;25,78435104;16,67314419;0,474525583;58
Cerqueira Cesar;2016;414634;;;;18553;1481;1658;1602;14,68;3511409;4741;25,55381879;;;58
Cerquilho;2010;1166025;68;20393;4359;39520;3077;3650;3644;11,5;3511508;10371;26,24240891;21,37498161;0,170976721;23
Cerquilho;2011;1350183;68;21972;4712;40259;3146;3617;3733;11,83;3511508;10496;26,07118905;21,44547606;0,169676346;23
Cerquilho;2012;1397960;73;23582;5016;41012;3215;3583;3819;12,16;3511508;10617;25,88754511;21,27046052;0,178972008;23
Cerquilho;2013;1451934;77;24896;5254;41778;3285;3547;3908;12,49;3511508;10740;25,70731007;21,10379177;0,184235722;23
Cerquilho;2014;1571087;76;26312;5467;42560;3353;3510;4000;12,82;3511508;10863;25,52396617;20,77759197;0,178195489;23
Cerquilho;2015;1387438;74;27218;5628;43355;3422;3472;4087;13,16;3511508;10981;25,32810518;20,67749284;0,170084189;23
Cerquilho;2016;1387438;;;;43949;3303;3524;4036;13,56;3511508;10863;24,71728595;;;23
Cesario Lange;2010;209827;63;6502;1446;15516;1244;1484;1487;11,86;3511607;4215;27,16550657;22,23931098;0,405259087;39
Cesario Lange;2011;228532;64;7314;1636;15711;1261;1454;1509;12,07;3511607;4224;26,88562154;22,36806125;0,408312647;39
Cesario Lange;2012;246298;60;8011;1758;15909;1276;1424;1530;12,33;3511607;4230;26,58872336;21,94482586;0,37947074;39
Cesario Lange;2013;273220;65;8618;1866;16108;1291;1394;1548;12,56;3511607;4233;26,27886764;21,65235553;0,403836603;39
Cesario Lange;2014;311108;70;9284;2007;16311;1306;1364;1572;12,8;3511607;4242;26,00698915;21,61783714;0,427012446;39
Cesario Lange;2015;253797;77;9807;2126;16516;1321;1336;1587;13,05;3511607;4244;25,6962945;21,67839298;0,467486074;39
Cesario Lange;2016;253797;;;;16659;1273;1343;1545;13,29;3511607;4161;24,97748965;;;39
Charqueada;2010;275341;61;6515;942;15067;1354;1446;1372;11,5;3511706;4172;27,68965288;14,45894091;0,407380368;24
Charqueada;2011;285373;65;7006;1066;15258;1347;1451;1405;11,71;3511706;4203;27,54620527;15,21552955;0,423712151;24
Charqueada;2012;238246;65;7500;1130;15450;1337;1440;1436;11,92;3511706;4213;27,26860841;15,06666667;0,418317152;24
Charqueada;2013;243239;61;7968;1201;15646;1329;1440;1467;12,14;3511706;4236;27,07401253;15,07279116;0,390834718;24
Charqueada;2014;260101;66;8410;1289;15843;1319;1437;1504;12,37;3511706;4260;26,88884681;15,32699168;0,414504829;24
Charqueada;2015;260460;66;8630;1320;16043;1309;1434;1534;12,6;3511706;4277;26,65960232;15,29548088;0,412267032;24
Charqueada;2016;260460;;;;16217;1272;1423;1534;12,89;3511706;4229;26,07757292;;;24
Chavantes;2010;121578;51;3713;461;12115;1012;941;1013;13,4;3557204;2966;24,48204705;12,41583625;0,419397441;16
Chavantes;2011;129726;54;3942;514;12126;1017;944;985;13,75;3557204;2946;24,29490351;13,03906646;0,445736434;16
Chavantes;2012;151312;55;4321;583;12136;1022;949;960;14,07;3557204;2931;24,15128543;13,49224717;0,451961107;16
Chavantes;2013;174919;59;4648;653;12147;1024;954;933;14,43;3557204;2911;23,96476496;14,04905336;0,481929695;16
Chavantes;2014;182381;60;4987;709;12157;1041;955;905;14,81;3557204;2901;23,8627951;14,21696411;0,497244386;16
Chavantes;2015;151983;53;5159;733;12168;1036;959;881;15,18;3557204;2876;23,63576594;14,20817988;0,431541749;16
Chavantes;2016;151983;;;;12179;996;966;886;15,56;3557204;2848;23,38451433;;;16
Clementina;2010;177493;68;3117;644;7049;625;827;723;10,74;3511904;2175;30,85544049;20,66089188;0,963399064;25
Clementina;2011;169835;65;3421;720;7183;605;802;757;10,85;3511904;2164;30,12668801;21,04647764;0,899345677;25
Clementina;2012;85100;65;3679;758;7319;586;770;791;10,97;3511904;2147;29,33460855;20,60342484;0,888919251;25
Clementina;2013;160994;63;4023;802;7458;566;742;827;11,13;3511904;2135;28,62697774;19,93537161;0,838562617;25
Clementina;2014;186529;66;4467;857;7599;548;714;865;11,25;3511904;2127;27,99052507;19,18513544;0,862087117;25
Clementina;2015;155990;74;4702;895;7743;528;687;901;11,4;3511904;2116;27,32790908;19,03445342;0,949631926;25
Clementina;2016;155990;;;;7856;533;663;866;11,65;3511904;2062;26,24745418;;;25
Colina;2010;516280;68;7868;2042;17365;1459;1597;1506;13,27;3512001;4562;26,27123524;25,95322827;0,393723006;57
Colina;2011;571508;65;8564;2301;17395;1441;1560;1517;13,58;3512001;4518;25,97298074;26,86828585;0,374705375;57
Colina;2012;637479;67;9285;2487;17424;1422;1525;1525;13,89;3512001;4472;25,66574839;26,78513732;0,384240129;57
Colina;2013;635039;70;9839;2606;17455;1402;1490;1535;14,23;3512001;4427;25,36236036;26,48643155;0,400171871;57
Colina;2014;975470;70;10253;2691;17485;1384;1455;1543;14,53;3512001;4382;25,06148127;26,24597679;0,399714041;57
Colina;2015;667155;74;10640;2791;17515;1365;1421;1551;14,86;3512001;4337;24,76163289;26,23120301;0,420039966;57
Colina;2016;667155;;;;17533;1316;1403;1518;15,3;3512001;4237;24,16585867;;;57
Colombia;2010;224171;68;2162;377;5994;563;539;531;11,06;3512100;1633;27,24391058;17,43755782;1,126960294;26
Colombia;2011;210222;84;2360;429;6000;555;537;525;11,43;3512100;1617;26,95;18,1779661;1,394833333;26
Colombia;2012;216595;84;2535;473;6007;538;538;521;11,74;3512100;1597;26,58565007;18,65877712;1,404694523;26
Colombia;2013;224286;79;2621;478;6012;526;537;516;12,11;3512100;1579;26,26413839;18,237314;1,322188955;26
Colombia;2014;247742;71;2712;487;6019;513;539;510;12,53;3512100;1562;25,95115468;17,95722714;1,17959794;26
Colombia;2015;224603;65;2769;478;6025;500;531;503;12,95;3512100;1534;25,46058091;17,26254966;1,08;26
Colombia;2016;224603;;;;6029;478;527;502;13,34;3512100;1507;24,99585338;;;26
Conchal;2010;341424;62;10715;2384;25207;2378;2534;2362;10,21;3512209;7274;28,85706351;22,24918339;0,244297219;35
Conchal;2011;368773;69;11592;2585;25419;2360;2499;2391;10,48;3512209;7250;28,52197175;22,29986197;0,272788072;35
Conchal;2012;422738;71;12682;2855;25634;2341;2462;2420;10,76;3512209;7223;28,17742061;22,51222205;0,276039635;35
Conchal;2013;490733;68;13798;3102;25850;2321;2426;2447;11,04;3512209;7194;27,82978723;22,48151906;0,264487427;35
Conchal;2014;530528;66;14854;3334;26069;2299;2388;2477;11,32;3512209;7164;27,48091603;22,44513262;0,25432506;35
Conchal;2015;430839;68;15827;3573;26288;2278;2351;2501;11,61;3512209;7130;27,12264151;22,57534593;0,258026476;35
Conchal;2016;430839;;;;26484;2207;2333;2467;11,95;3512209;7007;26,45748376;;;35
Conchas;2010;212219;67;6573;1118;16276;1266;1304;1260;14,77;3512308;3830;23,53158024;17,00897611;0,411218973;21
Conchas;2011;226906;70;7421;1301;16363;1279;1295;1268;14,97;3512308;3842;23,47980199;17,53133001;0,42754996;21
Conchas;2012;253747;69;7955;1377;16451;1296;1289;1278;15,2;3512308;3863;23,48185521;17,30986801;0,420339189;21
Conchas;2013;281019;68;8424;1436;16539;1307;1279;1284;15,42;3512308;3870;23,39923816;17,04653371;0,411330794;21
Conchas;2014;292580;77;8856;1482;16628;1325;1271;1291;15,64;3512308;3887;23,37623286;16,73441734;0,462232379;21
Conchas;2015;253294;75;9270;1564;16717;1332;1262;1299;15,86;3512308;3893;23,28767123;16,87162891;0,451277143;21
Conchas;2016;253294;;;;16799;1312;1275;1291;16,24;3512308;3878;23,08470742;;;21
Cordeiropolis;2010;1227208;60;11278;2125;21048;1712;1944;1941;11,49;3512407;5597;26,59160015;18,84199326;0,287248195;37
Cordeiropolis;2011;1391567;70;12112;2286;21392;1731;1933;1978;11,71;3512407;5642;26,37434555;18,87384412;0,326477188;37
Cordeiropolis;2012;1540029;64;12881;2447;21741;1748;1920;2017;11,92;3512407;5685;26,14875121;18,99697228;0,296214526;37
Cordeiropolis;2013;1602431;67;13779;2566;22096;1765;1907;2054;12,17;3512407;5726;25,91419261;18,62254155;0,301864591;37
Cordeiropolis;2014;1678843;67;14450;2622;22457;1782;1894;2090;12,39;3512407;5766;25,67573585;18,14532872;0,296878479;37
Cordeiropolis;2015;1488016;69;14922;2684;22824;1798;1880;2130;12,65;3512407;5808;25,446898;17,98686503;0,300210305;37
Cordeiropolis;2016;1488016;;;;23123;1763;1891;2108;12,99;3512407;5762;24,91891191;;;37
Coroados;2010;92246;63;1687;395;5231;441;437;432;12,67;3512506;1310;25,04301281;23,41434499;1,212005353;16
Coroados;2011;100508;65;1889;455;5306;440;453;443;12,97;3512506;1336;25,17904259;24,08681842;1,229739917;16
Coroados;2012;98969;60;2109;487;5383;440;463;454;13,32;3512506;1357;25,20899127;23,09151257;1,1146201;16
Coroados;2013;107195;60;2292;541;5461;439;470;466;13,66;3512506;1375;25,17853873;23,60383944;1,104376488;16
Coroados;2014;121619;60;2466;585;5540;437;485;476;14,04;3512506;1398;25,23465704;23,72262774;1,074368231;16
Coroados;2015;104107;54;2600;619;5620;436;489;488;14,43;3512506;1413;25,14234875;23,80769231;0,967437722;16
Coroados;2016;104107;;;;5680;418;485;501;14,82;3512506;1404;24,71830986;;;16
Coronel Macedo;2010;38424;62;911;188;5006;419;387;339;13,38;3512605;1145;22,87255294;20,63666301;1,238913304;28
Coronel Macedo;2011;47065;65;1021;200;4984;428;387;342;13,76;3512605;1157;23,21428571;19,58863859;1,30959069;28
Coronel Macedo;2012;55696;65;1162;221;4962;440;389;347;14,15;3512605;1176;23,70012092;19,01893287;1,308544942;28
Coronel Macedo;2013;56071;69;1271;236;4939;441;389;351;14,56;3512605;1181;23,91172302;18,56805665;1,38773031;28
Coronel Macedo;2014;61533;61;1373;248;4917;463;388;353;15,01;3512605;1204;24,48647549;18,06263656;1,246491763;28
Coronel Macedo;2015;51758;60;1433;259;4895;461;388;356;15,51;3512605;1205;24,61695608;18,07397069;1,22124617;28
Coronel Macedo;2016;51758;;;;4884;443;398;358;16,09;3512605;1199;24,54954955;;;28
Corumbatai;2010;76040;94;1857;320;3873;317;337;319;13,25;3512704;973;25,12264395;17,23209478;2,433255874;24
Corumbatai;2011;78975;89;1991;339;3882;324;331;321;13,55;3512704;976;25,14167955;17,02661979;2,286965482;24
Corumbatai;2012;83597;71;2168;355;3892;336;326;323;13,85;3512704;985;25,30832477;16,37453875;1,822713258;24
Corumbatai;2013;99594;62;2310;380;3900;346;320;325;14,15;3512704;991;25,41025641;16,45021645;1,582564103;24
Corumbatai;2014;98687;60;2397;402;3910;351;314;326;14,5;3512704;991;25,34526854;16,7709637;1,544245524;24
Corumbatai;2015;87379;61;2466;398;3919;353;308;327;14,85;3512704;988;25,21051289;16,13949716;1,552692013;24
Corumbatai;2016;87379;;;;3928;346;315;321;15,22;3512704;982;25;;;24
Cosmopolis;2010;859253;64;28552;6959;58689;4935;5474;5657;9,35;3512803;16066;27,37480618;24,37307369;0,109407214;24
Cosmopolis;2011;939345;66;30366;7447;59961;4994;5498;5762;9,59;3512803;16254;27,10761995;24,52413884;0,110738647;24
Cosmopolis;2012;1019716;66;32035;7848;61259;5052;5521;5864;9,84;3512803;16437;26,83197571;24,49820509;0,10710263;24
Cosmopolis;2013;1156949;64;34240;8269;62587;5108;5542;5969;10,09;3512803;16619;26,55343761;24,15011682;0,102113858;24
Cosmopolis;2014;1227129;61;35885;8589;63942;5164;5562;6073;10,34;3512803;16799;26,27224672;23,9347917;0,09607144;24
Cosmopolis;2015;1040478;60;36650;8698;65328;5218;5579;6177;10,6;3512803;16974;25,98273328;23,73260573;0,091262552;24
Cosmopolis;2016;1040478;;;;66478;5181;5620;6185;10,93;3512803;16986;25,55131021;;;24
Cosmorama;2010;194769;75;3415;762;7215;481;530;598;19,07;3512902;1609;22,3007623;22,31332357;1,034650035;29
Cosmorama;2011;224219;74;3718;820;7192;486;518;582;19,49;3512902;1586;22,05228031;22,05486821;1,035595106;29
Cosmorama;2012;213790;72;4062;889;7168;489;505;561;19,99;3512902;1555;21,69363839;21,88577056;0,998604911;29
Cosmorama;2013;228681;76;4431;926;7146;493;492;545;20,47;3512902;1530;21,41057935;20,89821711;1,061432969;29
Cosmorama;2014;241036;69;4735;987;7123;496;479;528;20,95;3512902;1503;21,10065983;20,84477297;0,97557209;29
Cosmorama;2015;220499;67;4959;1030;7100;499;466;512;21,44;3512902;1477;20,8028169;20,7703166;0,95;29
Cosmorama;2016;220499;;;;7079;478;471;502;21,88;3512902;1451;20,49724537;;;29
Cotia;2010;6796203;80;87337;13622;200647;16933;17273;18829;8,09;3513009;53035;26,4319925;15,59705509;0,039716517;42
Cotia;2011;7971332;82;98897;15362;205294;17463;17608;18950;8,37;3513009;54021;26,31396923;15,53333266;0,039816069;42
Cotia;2012;8639952;84;110152;17046;210047;18003;17941;19059;8,66;3513009;55003;26,18604408;15,47498003;0,03999105;42
Cotia;2013;9534416;85;119443;18127;214911;18550;18273;19166;8,95;3513009;55989;26,05217974;15,17627655;0,039430276;42
Cotia;2014;10118348;85;125400;18935;219888;19108;18605;19265;9,26;3513009;56978;25,91228262;15,09968102;0,038528706;42
Cotia;2015;8612050;83;129528;19702;224980;19671;18932;19356;9,58;3513009;57959;25,7618455;15,21061083;0,037092186;42
Cotia;2016;8612050;;;;229300;19294;19433;19666;9,93;3513009;58393;25,46576537;;;42
Cravinhos;2010;627726;66;14519;2587;31662;2731;2859;2874;11,38;3513108;8464;26,73236056;17,81803154;0,208293854;51
Cravinhos;2011;712675;63;15984;2858;31947;2735;2851;2892;11,67;3513108;8478;26,53770307;17,88038038;0,198234576;51
Cravinhos;2012;785898;63;17258;3140;32235;2738;2843;2903;11,97;3513108;8484;26,31921824;18,19446054;0,195284629;51
Cravinhos;2013;942271;62;18651;3343;32525;2741;2832;2919;12,27;3513108;8492;26,10914681;17,9239719;0,191206764;51
Cravinhos;2014;949465;65;19798;3581;32818;2740;2821;2936;12,56;3513108;8497;25,89127918;18,08768562;0,199189469;51
Cravinhos;2015;803607;55;20530;3761;33113;2740;2809;2946;12,87;3513108;8495;25,65457675;18,31953239;0,167366291;51
Cravinhos;2016;803607;;;;33372;2652;2809;2936;13,31;3513108;8397;25,1618123;;;51
Cristais Paulista;2010;121994;66;2315;406;7579;683;669;672;11,4;3513207;2024;26,7053701;17,53779698;0,876368914;31
Cristais Paulista;2011;102808;76;2603;453;7667;678;679;686;11,73;3513207;2043;26,64666754;17,40299654;0,985522369;31
Cristais Paulista;2012;162805;67;2875;520;7757;674;689;687;12,09;3513207;2050;26,42774268;18,08695652;0,86373598;31
Cristais Paulista;2013;134171;65;3117;545;7848;669;698;694;12,45;3513207;2061;26,26146789;17,48476099;0,833333333;31
Cristais Paulista;2014;133955;73;3309;575;7939;662;714;699;12,85;3513207;2075;26,13679305;17,37685101;0,922030482;31
Cristais Paulista;2015;131147;76;3498;601;8032;656;717;706;13,23;3513207;2079;25,88396414;17,18124643;0,944223108;31
Cristais Paulista;2016;131147;;;;8109;643;710;716;13,73;3513207;2069;25,51486003;;;31
Cruzalia;2010;33624;80;932;163;2277;179;187;152;14,49;3513306;518;22,74923144;17,48927039;3,52173913;7
Cruzalia;2011;42779;88;1014;180;2259;178;183;155;14,87;3513306;516;22,84196547;17,75147929;3,878707393;7
Cruzalia;2012;48932;79;1093;197;2240;175;177;159;15,4;3513306;511;22,8125;18,02378774;3,510714286;7
Cruzalia;2013;55576;66;1171;212;2222;172;173;163;15,89;3513306;508;22,86228623;18,10418446;2,98559856;7
Cruzalia;2014;52857;70;1233;215;2204;170;168;166;16,47;3513306;504;22,86751361;17,43714517;3,162431942;7
Cruzalia;2015;46754;68;1298;219;2186;168;164;170;17,02;3513306;502;22,96431839;16,87211094;3,127630375;7
Cruzalia;2016;46754;;;;2172;155;163;166;17,5;3513306;484;22,28360958;;;7
Cruzeiro;2010;1450013;77;28647;6912;77009;6395;6403;6596;12,4;3513405;19394;25,18406939;24,12818096;0,099832487;59
Cruzeiro;2011;1646678;80;30844;7524;77321;6357;6376;6524;12,78;3513405;19257;24,90526506;24,39372325;0,103012118;59
Cruzeiro;2012;1546555;82;32958;8076;77634;6316;6346;6454;13,16;3513405;19116;24,62323209;24,50391407;0,105765515;59
Cruzeiro;2013;1964349;82;34980;8564;77948;6273;6314;6379;13,55;3513405;18966;24,33160569;24,48256146;0,105416431;59
Cruzeiro;2014;2141388;79;36587;9017;78264;6227;6280;6303;13,96;3513405;18810;24,03403864;24,64536584;0,101080957;59
Cruzeiro;2015;1749797;76;37872;9433;78581;6179;6243;6226;14,36;3513405;18648;23,73092732;24,90758344;0,097008183;59
Cruzeiro;2016;1749797;;;;78848;5966;6212;6207;14,85;3513405;18385;23,31701502;;;59
Cubatao;2010;9466001;60;42470;9636;118629;10248;11088;11481;7,89;3513504;32817;27,66355613;22,68895691;0,050940327;71
Cubatao;2011;7344609;58;45150;10316;119693;10261;10907;11394;8,23;3513504;32562;27,20459843;22,8482835;0,048599333;71
Cubatao;2012;5994537;67;47473;10768;120766;10271;10724;11299;8,59;3513504;32294;26,74097014;22,68236682;0,055090009;71
Cubatao;2013;6358639;70;49987;11373;121848;10273;10541;11202;8,96;3513504;32016;26,27535946;22,7519155;0,05732552;71
Cubatao;2014;9304123;72;51981;11795;122940;10273;10355;11097;9,34;3513504;31725;25,80527086;22,69098324;0,058288596;71
Cubatao;2015;7693582;71;53491;12101;124043;10267;10168;10988;9,74;3513504;31423;25,33234443;22,62249724;0,057214031;71
Cubatao;2016;7693582;;;;125047;10109;10192;10823;10,19;3513504;31124;24,88984142;;;71
Cunha;2010;112225;60;6958;2506;21876;2051;1630;1615;13,88;3513603;5296;24,20917901;36,01609658;0,275873103;52
Cunha;2011;121312;62;7669;2763;21840;2030;1690;1597;14,24;3513603;5317;24,3452381;36,02816534;0,282326007;52
Cunha;2012;139957;61;8562;2991;21804;2004;1751;1580;14,6;3513603;5335;24,46798753;34,93342677;0,281966612;52
Cunha;2013;168147;61;9395;3233;21768;1978;1813;1560;14,96;3513603;5351;24,58195516;34,41192123;0,282157295;52
Cunha;2014;180352;60;10090;3447;21733;1955;1877;1538;15,33;3513603;5370;24,70896793;34,16253717;0,273869231;52
Cunha;2015;144399;56;10766;3661;21697;1926;1941;1518;15,68;3513603;5385;24,81909941;34,00520156;0,259759414;52
Cunha;2016;144399;;;;21694;1850;1926;1581;16,12;3513603;5357;24,69346363;;;52
Descalvado;2010;737342;68;15912;3449;31038;2486;2726;2774;14,05;3513702;7986;25,72975063;21,67546506;0,217572009;37
Descalvado;2011;893603;68;17394;3942;31188;2464;2685;2774;14,39;3513702;7923;25,40400154;22,66298724;0,218449404;37
Descalvado;2012;937411;70;18779;4283;31339;2443;2643;2768;14,74;3513702;7854;25,06142506;22,80739123;0,22406586;37
Descalvado;2013;1041485;75;19915;4569;31491;2418;2602;2769;15,07;3513702;7789;24,734051;22,94250565;0,237051856;37
Descalvado;2014;1129196;73;20869;4776;31643;2394;2558;2762;15,42;3513702;7714;24,37821951;22,88561982;0,231994438;37
Descalvado;2015;947807;65;21665;4935;31797;2369;2515;2758;15,77;3513702;7642;24,03371387;22,77867528;0,204987892;37
Descalvado;2016;947807;;;;31923;2273;2493;2717;16,2;3513702;7483;23,44077938;;;37
Diadema;2010;10699784;80;139618;31392;385838;32573;37068;38311;7,74;3513801;107952;27,97858168;22,48420691;0,020679663;16
Diadema;2011;11663274;82;154094;35005;387894;32700;36187;37969;8,08;3513801;106856;27,54773211;22,71665347;0,021181044;16
Diadema;2012;11998286;84;168250;38117;389963;32809;35307;37605;8,43;3513801;105721;27,11052074;22,65497771;0,021586663;16
Diadema;2013;13241472;86;180208;40452;392042;32901;34430;37229;8,8;3513801;104560;26,67061182;22,44739412;0,022051209;16
Diadema;2014;13910517;88;187905;42579;394131;32975;33558;36834;9,17;3513801;103367;26,22655919;22,65985471;0,022238799;16
Diadema;2015;12302667;84;193533;44398;396234;33033;32689;36427;9,57;3513801;102149;25,7799684;22,94079046;0,021171833;16
Diadema;2016;12302667;;;;397868;32017;32849;35597;9,99;3513801;100463;25,25033428;;;16
Dirce Reis;2010;28893;85;631;175;1688;136;135;109;19,31;3513850;380;22,51184834;27,73375594;5,035545024;
Dirce Reis;2011;31299;79;669;196;1692;129;139;114;19,44;3513850;382;22,57683215;29,29745889;4,649527187;
Dirce Reis;2012;34639;55;724;206;1696;122;142;118;19,58;3513850;382;22,52358491;28,45303867;3,23879717;
Dirce Reis;2013;42946;71;786;212;1700;115;144;124;19,82;3513850;383;22,52941176;26,97201018;4,162941176;
Dirce Reis;2014;44458;72;827;220;1704;109;140;129;20,19;3513850;378;22,18309859;26,60217654;4,232981221;
Dirce Reis;2015;36447;83;846;229;1708;104;136;135;20,55;3513850;375;21,95550351;27,06855792;4,845433255;
Dirce Reis;2016;36447;;;;1710;101;129;136;20,94;3513850;366;21,40350877;;;
Divinolandia;2010;110885;66;5245;716;11215;975;901;885;15,44;3513900;2761;24,61881409;13,65109628;0,591885867;27
Divinolandia;2011;124799;66;5657;789;11175;940;906;877;15,93;3513900;2723;24,36689038;13,9473219;0,589082774;27
Divinolandia;2012;183614;66;6010;856;11137;897;910;868;16,48;3513900;2675;24,01903565;14,24292845;0,590105055;27
Divinolandia;2013;203962;62;6425;919;11097;859;916;859;17;3513900;2634;23,7361449;14,30350195;0,563035055;27
Divinolandia;2014;244210;67;6768;972;11059;822;923;849;17,52;3513900;2594;23,45600868;14,36170213;0,608554119;27
Divinolandia;2015;173494;71;7173;1027;11020;786;922;840;18,08;3513900;2548;23,1215971;14,31757981;0,646188748;27
Divinolandia;2016;173494;;;;10993;741;889;850;18,58;3513900;2480;22,55981079;;;27
Dobrada;2010;58570;60;2203;474;7931;718;838;838;9,05;3514007;2394;30,18534863;21,51611439;0,751733703;12
Dobrada;2011;64359;68;2484;541;8028;719;816;845;9,27;3514007;2380;29,64623817;21,77938808;0,841305431;12
Dobrada;2012;64937;68;2749;581;8126;721;795;846;9,51;3514007;2362;29,06719173;21,13495817;0,833005169;12
Dobrada;2013;82621;67;2982;647;8225;720;772;854;9,76;3514007;2346;28,52279635;21,69684775;0,81337386;12
Dobrada;2014;77985;61;3240;712;8326;720;751;857;10,03;3514007;2328;27,96060533;21,97530864;0,729642085;12
Dobrada;2015;69694;56;3350;736;8428;720;731;853;10,28;3514007;2304;27,33744661;21,97014925;0,668130043;12
Dobrada;2016;69694;;;;8521;706;732;831;10,53;3514007;2269;26,62833001;;;12
Dois Corregos;2010;402240;58;11431;2032;24741;2066;2192;2237;13,56;3514106;6495;26,25197041;17,77622255;0,235762499;42
Dois Corregos;2011;513064;63;12325;2289;24963;2047;2173;2233;13,69;3514106;6453;25,85025838;18,57200811;0,25253375;42
Dois Corregos;2012;537004;66;13249;2485;25187;2025;2152;2228;13,82;3514106;6405;25,42978521;18,75613254;0,261682614;42
Dois Corregos;2013;526726;67;14034;2602;25412;2004;2131;2227;13,95;3514106;6362;25,03541634;18,5406869;0,26243507;42
Dois Corregos;2014;575083;67;14877;2800;25641;1983;2111;2228;14,09;3514106;6322;24,65582466;18,82099886;0,262548263;42
Dois Corregos;2015;510823;66;15346;2934;25870;1961;2089;2217;14,24;3514106;6267;24,22497101;19,11898866;0,254580595;42
Dois Corregos;2016;510823;;;;26087;1917;2069;2197;14,46;3514106;6183;23,7014605;;;42
Dolcinopolis;2010;22753;71;1016;174;2096;165;150;115;18,23;3514205;430;20,51526718;17,12598425;3,373568702;7
Dolcinopolis;2011;25123;70;1100;184;2090;166;152;121;18,71;3514205;439;21,00478469;16,72727273;3,33492823;7
Dolcinopolis;2012;28392;88;1195;200;2085;156;155;127;19,09;3514205;438;21,00719424;16,73640167;4,222541966;7
Dolcinopolis;2013;31820;87;1309;213;2080;152;158;132;19,71;3514205;442;21,25;16,27196333;4,166826923;7
Dolcinopolis;2014;31728;88;1401;224;2075;146;160;138;20,24;3514205;444;21,39759036;15,98857959;4,25253012;7
Dolcinopolis;2015;27963;76;1433;243;2069;142;161;145;20,83;3514205;448;21,65297245;16,95743196;3,682455292;7
Dolcinopolis;2016;27963;;;;2063;140;156;147;21,18;3514205;443;21,47358216;;;7
Dourado;2010;126039;65;3664;503;8609;710;721;699;15,88;3514304;2130;24,74154954;13,72816594;0,759553955;27
Dourado;2011;199825;67;3952;542;8595;683;724;698;16,21;3514304;2105;24,49098313;13,7145749;0,78336242;27
Dourado;2012;225053;74;4248;579;8581;659;709;698;16,56;3514304;2066;24,07644797;13,6299435;0,860389232;27
Dourado;2013;291036;77;4583;637;8568;635;695;695;16,9;3514304;2025;23,63445378;13,89919267;0,899743231;27
Dourado;2014;376572;81;4876;665;8554;610;691;696;17,28;3514304;1997;23,34580313;13,63822806;0,943067571;27
Dourado;2015;243705;77;5078;695;8540;587;683;690;17,68;3514304;1960;22,95081967;13,68649074;0,8970726;27
Dourado;2016;243705;;;;8528;570;659;694;18,18;3514304;1923;22,54924953;;;27
Dracena;2010;699889;79;24960;6587;43234;3188;3423;3610;16,52;3514403;10221;23,64111579;26,39022436;0,182865337;62
Dracena;2011;790782;78;26711;7125;43435;3139;3470;3590;16,82;3514403;10199;23,48106366;26,6744038;0,17854265;62
Dracena;2012;865105;81;28590;7621;43636;3090;3516;3567;17,13;3514403;10173;23,31331928;26,65617349;0,185443212;62
Dracena;2013;1024226;83;30407;7953;43839;3039;3561;3548;17,44;3514403;10148;23,14833824;26,15516164;0,188736057;62
Dracena;2014;1095197;85;31792;8277;44043;2989;3605;3525;17,76;3514403;10119;22,97527416;26,03485153;0,193515428;62
Dracena;2015;895040;82;32990;8628;44247;2938;3650;3501;18,07;3514403;10089;22,80154587;26,15337981;0,186001311;62
Dracena;2016;895040;;;;44396;2834;3594;3543;18,51;3514403;9971;22,45923056;;;62
Duartina;2010;123497;75;4871;908;12253;1012;955;946;16,67;3514502;2913;23,77376969;18,64093615;0,610381131;47
Duartina;2011;142569;80;5344;1000;12225;980;959;940;17,04;3514502;2879;23,55010225;18,71257485;0,650470348;47
Duartina;2012;156799;78;5806;1088;12198;938;966;933;17,4;3514502;2837;23,25791113;18,73923527;0,64190851;47
Duartina;2013;183878;75;6218;1150;12171;902;970;927;17,76;3514502;2799;22,99728864;18,49469283;0,619751869;47
Duartina;2014;199259;73;6533;1196;12143;868;980;918;18,14;3514502;2766;22,77855555;18,30705648;0,600510582;47
Duartina;2015;161200;70;6794;1220;12116;835;975;912;18,55;3514502;2722;22,46616045;17,9570209;0,578573787;47
Duartina;2016;161200;;;;12088;818;948;916;18,96;3514502;2682;22,18729318;;;47
Dumont;2010;101213;68;2996;358;8126;691;841;817;10,05;3514601;2349;28,90721142;11,94926569;0,840881122;14
Dumont;2011;119631;63;3180;402;8287;701;831;843;10,34;3514601;2375;28,65934596;12,64150943;0,763122964;14
Dumont;2012;145049;64;3401;424;8450;708;819;868;10,66;3514601;2395;28,34319527;12,46692149;0,753609467;14
Dumont;2013;158276;63;3706;468;8617;716;807;891;10,99;3514601;2414;28,01439016;12,62817053;0,735987002;14
Dumont;2014;166674;59;3943;490;8786;723;797;923;11,34;3514601;2443;27,80559982;12,42708598;0,673230139;14
Dumont;2015;138169;60;4147;508;8960;729;783;945;11,71;3514601;2457;27,421875;12,24981915;0,672209821;14
Dumont;2016;138169;;;;9079;718;786;931;12,1;3514601;2435;26,82013438;;;14
Echapora;2010;78395;69;1841;261;6322;560;506;478;15,47;3514700;1544;24,42265106;14,17707768;1,088579563;39
Echapora;2011;92390;62;2010;273;6310;562;510;476;15,82;3514700;1548;24,53248811;13,58208955;0,988114105;39
Echapora;2012;94302;64;2193;292;6298;542;515;476;16,2;3514700;1533;24,34106065;13,31509348;1,02254684;39
Echapora;2013;113203;72;2382;315;6286;543;518;473;16,53;3514700;1534;24,40343621;13,22418136;1,151129494;39
Echapora;2014;106458;77;2553;331;6274;541;521;469;16,94;3514700;1531;24,40229519;12,96513905;1,229199872;39
Echapora;2015;96950;77;2654;337;6262;525;525;468;17,33;3514700;1518;24,2414564;12,69781462;1,231555414;39
Echapora;2016;96950;;;;6253;491;528;472;17,67;3514700;1491;23,84455461;;;39
Eldorado;2010;192594;72;2776;873;14637;1437;1067;1051;12,37;3514809;3555;24,28776389;31,4481268;0,489034638;71
Eldorado;2011;175216;67;3101;997;14675;1488;1120;1039;12,58;3514809;3647;24,85178876;32,15091906;0,459829642;71
Eldorado;2012;213928;64;3447;1118;14713;1542;1176;1027;12,83;3514809;3745;25,45368042;32,43400058;0,432610616;71
Eldorado;2013;173509;71;3713;1173;14752;1595;1232;1015;13,05;3514809;3842;26,04392625;31,59170482;0,482714208;71
Eldorado;2014;189397;68;3995;1240;14790;1648;1289;1000;13,24;3514809;3937;26,61933739;31,0387985;0,458147397;71
Eldorado;2015;188929;63;4235;1309;14828;1703;1350;986;13,44;3514809;4039;27,23900728;30,90909091;0,426153224;71
Eldorado;2016;188929;;;;14909;1620;1405;1041;13,65;3514809;4066;27,27211751;;;71
Elias Fausto;2010;427351;66;4524;1008;15758;1339;1534;1465;10,26;3514908;4338;27,52887422;22,28116711;0,419088717;24
Elias Fausto;2011;429931;67;5111;1175;15925;1363;1505;1491;10,51;3514908;4359;27,37205651;22,98963021;0,423547881;24
Elias Fausto;2012;426684;74;5677;1296;16094;1386;1476;1519;10,77;3514908;4381;27,22132472;22,82895896;0,458245309;24
Elias Fausto;2013;474896;69;6198;1407;16265;1409;1448;1543;11,04;3514908;4400;27,05195204;22,70087125;0,422809714;24
Elias Fausto;2014;510320;68;6618;1495;16438;1432;1420;1565;11,3;3514908;4417;26,87066553;22,58990632;0,412215598;24
Elias Fausto;2015;453836;65;7058;1596;16612;1455;1390;1591;11,58;3514908;4436;26,70358777;22,61263814;0,391825187;24
Elias Fausto;2016;453836;;;;16756;1408;1410;1556;11,96;3514908;4374;26,10408212;;;24
Elisiario;2010;40938;72;1086;225;3115;242;285;290;14,35;3514924;817;26,22792937;20,71823204;2,315890851;
Elisiario;2011;42685;79;1144;231;3156;242;281;300;14,64;3514924;823;26,07731305;20,19230769;2,494296578;
Elisiario;2012;50656;75;1228;237;3197;243;280;304;14,83;3514924;827;25,86800125;19,29967427;2,356897091;
Elisiario;2013;55209;67;1303;247;3238;243;276;310;15,07;3514924;829;25,60222359;18,9562548;2,080914145;
Elisiario;2014;54410;72;1368;242;3282;243;273;314;15,45;3514924;830;25,28945765;17,69005848;2,204143815;
Elisiario;2015;48780;79;1437;261;3324;243;269;315;15,73;3514924;827;24,87966306;18,16283925;2,389590854;
Elisiario;2016;48780;;;;3359;229;268;311;15,93;3514924;808;24,05477821;;;
Embauba;2010;33343;66;877;86;2423;177;211;224;14,82;3514957;612;25,2579447;9,806157355;2,72472142;
Embauba;2011;36101;69;936;98;2420;172;201;225;15,21;3514957;598;24,7107438;10,47008547;2,851239669;
Embauba;2012;33465;69;1008;105;2417;169;193;224;15,52;3514957;586;24,24493173;10,41666667;2,841952834;
Embauba;2013;42053;77;1074;106;2414;164;184;218;16,03;3514957;566;23,44656172;9,869646182;3,202982601;
Embauba;2014;46843;81;1142;105;2411;160;177;205;16,47;3514957;542;22,48029863;9,194395797;3,361675653;
Embauba;2015;38361;64;1157;109;2408;156;169;200;16,99;3514957;525;21,80232558;9,420916162;2,66320598;
Embauba;2016;38361;;;;2408;155;166;192;17,36;3514957;513;21,30398671;;;
Embu das Artes;2010;4373421;71;65631;14481;239939;21702;22353;23434;6,87;3515004;67489;28,12756576;22,06426841;0,029382468;23
Embu das Artes;2011;5177290;69;75839;16762;243074;22005;22222;23208;7,22;3515004;67435;27,74258045;22,10208468;0,028452241;23
Embu das Artes;2012;5940470;69;85940;18645;246251;22297;22079;22971;7,58;3515004;67347;27,34892447;21,69536886;0,028211053;23
Embu das Artes;2013;7150071;76;95067;20054;249469;22578;21922;22722;7,97;3515004;67222;26,94603337;21,09459644;0,030448673;23
Embu das Artes;2014;7412777;79;100967;20921;252729;22849;21753;22459;8,36;3515004;67061;26,5347467;20,72063149;0,031274606;23
Embu das Artes;2015;6010806;74;104936;21728;256031;23107;21569;22186;8,77;3515004;66862;26,11480641;20,70595411;0,029090227;23
Embu das Artes;2016;6010806;;;;258917;22408;21876;22063;9,18;3515004;66347;25,62481413;;;23
Embu-Guacu;2010;630977;80;19592;3531;62718;5556;5496;5398;9,67;3515103;16450;26,22851494;18,02266231;0,126949201;41
Embu-Guacu;2011;708947;84;23548;4317;63252;5688;5508;5417;9,97;3515103;16613;26,26478214;18,33276711;0,13242269;41
Embu-Guacu;2012;763569;85;27966;4897;63791;5823;5517;5431;10,27;3515103;16771;26,29054255;17,51054852;0,133859008;41
Embu-Guacu;2013;872787;87;32267;5394;64334;5955;5522;5445;10,58;3515103;16922;26,30335437;16,71676945;0,134998601;41
Embu-Guacu;2014;948095;87;34588;5633;64882;6085;5527;5455;10,9;3515103;17067;26,30467618;16,28599514;0,133596375;41
Embu-Guacu;2015;784875;84;36005;5817;65435;6219;5527;5462;11,21;3515103;17208;26,29785283;16,15608943;0,127714526;41
Embu-Guacu;2016;784875;;;;65950;6007;5661;5476;11,62;3515103;17144;25,9954511;;;41
Emilianopolis;2010;36963;72;993;229;3019;250;246;209;16,76;3515129;705;23,35210335;23,06143001;2,394832726;
Emilianopolis;2011;38276;59;1110;275;3026;242;251;216;17,09;3515129;709;23,43027098;24,77477477;1,941176471;
Emilianopolis;2012;41732;48;1202;299;3033;234;255;222;17,31;3515129;711;23,4421365;24,87520799;1,588526212;
Emilianopolis;2013;42611;50;1296;324;3040;226;255;229;17,66;3515129;710;23,35526316;25;1,644736842;
Emilianopolis;2014;47109;59;1377;342;3047;218;254;236;17,95;3515129;708;23,23596981;24,83660131;1,938299967;
Emilianopolis;2015;41338;58;1437;352;3054;211;248;244;18,34;3515129;703;23,01899149;24,49547669;1,889980354;
Emilianopolis;2016;41338;;;;3057;206;240;248;18,71;3515129;694;22,70199542;;;
Engenheiro Coelho;2010;283627;93;5598;1447;15662;1394;1779;1803;7,66;3515152;4976;31,77116588;25,84851733;0,59411314;29
Engenheiro Coelho;2011;338914;85;6216;1712;16165;1436;1757;1860;7,76;3515152;5053;31,25889267;27,54182754;0,527621404;29
Engenheiro Coelho;2012;361188;86;6770;1843;16684;1476;1734;1915;7,88;3515152;5125;30,71805322;27,22304284;0,51822105;29
Engenheiro Coelho;2013;349907;89;7355;1989;17220;1517;1710;1970;8;3515152;5197;30,18002323;27,04282801;0,517595819;29
Engenheiro Coelho;2014;363249;86;7944;2121;17772;1559;1684;2024;8,11;3515152;5267;29,63650686;26,69939577;0,48520144;29
Engenheiro Coelho;2015;339377;78;8506;2250;18343;1600;1657;2079;8,22;3515152;5336;29,09011612;26,45191629;0,426484217;29
Engenheiro Coelho;2016;339377;;;;18761;1590;1685;2039;8,4;3515152;5314;28,32471617;;;29
Espirito Santo do Pinhal;2010;824248;66;21010;4770;41895;3326;3525;3404;14,46;3515186;10255;24,47786132;22,70347454;0,157321876;51
Espirito Santo do Pinhal;2011;927012;62;22456;5183;41974;3314;3480;3421;14,76;3515186;10215;24,33649402;23,08069113;0,148306094;51
Espirito Santo do Pinhal;2012;1099923;71;23725;5493;42054;3303;3432;3435;15,07;3515186;10170;24,18319304;23,15279241;0,168616541;51
Espirito Santo do Pinhal;2013;1148177;73;24827;5758;42134;3287;3384;3452;15,38;3515186;10123;24,02572744;23,19249204;0,174277306;51
Espirito Santo do Pinhal;2014;1179292;75;25777;6009;42214;3273;3335;3465;15,69;3515186;10073;23,86175203;23,31147923;0,177903065;51
Espirito Santo do Pinhal;2015;1035730;79;26764;6265;42294;3256;3286;3476;16;3515186;10018;23,68657493;23,40830967;0,185983827;51
Espirito Santo do Pinhal;2016;1035730;;;;42350;3108;3276;3429;16,46;3515186;9813;23,17119244;;;51
Espirito Santo do Turvo;2010;76278;71;1588;158;4239;394;405;368;9,46;3515194;1167;27,53007785;9,949622166;1,683651805;15
Espirito Santo do Turvo;2011;68351;75;1725;179;4294;392;412;378;9,8;3515194;1182;27,52678156;10,37681159;1,756637168;15
Espirito Santo do Turvo;2012;70698;72;1853;196;4349;391;415;388;10,09;3515194;1194;27,45458726;10,57744199;1,664980455;15
Espirito Santo do Turvo;2013;83671;75;1996;218;4405;391;415;399;10,49;3515194;1205;27,35527809;10,92184369;1,712372304;15
Espirito Santo do Turvo;2014;96067;63;2076;224;4462;389;408;416;10,85;3515194;1213;27,18511878;10,78998073;1,400717167;15
Espirito Santo do Turvo;2015;79013;63;2114;238;4519;387;409;421;11,31;3515194;1217;26,93073689;11,25827815;1,401194955;15
Espirito Santo do Turvo;2016;79013;;;;4573;384;407;426;11,63;3515194;1217;26,61272688;;;15
Estiva Gerbi;2010;187415;67;4383;1159;10033;878;920;910;10,12;3557303;2708;26,99092993;26,44307552;0,666400877;5
Estiva Gerbi;2011;206794;70;4713;1232;10141;878;921;925;10,46;3557303;2724;26,86125629;26,14046255;0,692732472;5
Estiva Gerbi;2012;186180;73;5154;1362;10249;877;922;930;10,86;3557303;2729;26,626988;26,42607683;0,71392331;5
Estiva Gerbi;2013;210613;73;5514;1419;10358;875;923;943;11,24;3557303;2741;26,46263757;25,73449402;0,704865804;5
Estiva Gerbi;2014;249080;76;5794;1439;10469;873;921;962;11,66;3557303;2756;26,32534148;24,83603728;0,722036489;5
Estiva Gerbi;2015;208016;71;6076;1493;10581;870;921;967;12,09;3557303;2758;26,06558926;24,5720869;0,668462338;5
Estiva Gerbi;2016;208016;;;;10678;838;918;972;12,53;3557303;2728;25,5478554;;;5
Estrela d'Oeste;2010;264737;70;4247;871;8208;590;681;684;15,81;3515202;1955;23,81822612;20,5085943;0,847587719;21
Estrela d'Oeste;2011;262081;66;4503;940;8197;582;657;682;16,16;3515202;1921;23,4354032;20,87497224;0,806148591;21
Estrela d'Oeste;2012;364296;64;4810;1006;8188;576;633;672;16,55;3515202;1881;22,97264289;20,91476091;0,778212018;21
Estrela d'Oeste;2013;422435;64;5164;1067;8177;569;610;663;16,99;3515202;1842;22,526599;20,6622773;0,778892014;21
Estrela d'Oeste;2014;454760;61;5452;1139;8168;562;585;664;17,38;3515202;1811;22,1718903;20,89141599;0,74632713;21
Estrela d'Oeste;2015;44129;54;5584;1180;8157;555;564;648;17,85;3515202;1767;21,66237587;21,13180516;0,657594704;21
Estrela d'Oeste;2016;44129;;;;8144;538;558;626;18,39;3515202;1722;21,14440079;;;21
Estrela do Norte;2010;36680;75;694;69;2658;265;235;191;12,23;3515301;691;25,99699022;9,942363112;2,815650865;24
Estrela do Norte;2011;40778;69;789;77;2657;261;238;196;12,46;3515301;695;26,15732029;9,759188847;2,605570192;24
Estrela do Norte;2012;42301;68;859;87;2656;253;243;203;12,65;3515301;699;26,31777108;10,12805588;2,552334337;24
Estrela do Norte;2013;50543;65;917;88;2656;237;254;210;12,84;3515301;701;26,39307229;9,59651036;2,445783133;24
Estrela do Norte;2014;50342;78;983;99;2655;228;256;217;12,99;3515301;701;26,40301318;10,07121058;2,932580038;24
Estrela do Norte;2015;44129;83;1000;102;2654;219;252;222;13,26;3515301;693;26,11152977;10,2;3,134890731;24
Estrela do Norte;2016;44129;;;;2656;209;251;226;13,67;3515301;686;25,82831325;;;24
Euclides da Cunha Paulista;2010;55944;68;2394;782;9590;920;776;692;11,6;3515350;2388;24,90093848;32,66499582;0,708029197;35
Euclides da Cunha Paulista;2011;65432;70;2691;883;9572;924;792;697;11,89;3515350;2413;25,20894275;32,81308064;0,730359382;35
Euclides da Cunha Paulista;2012;76326;75;3051;969;9554;920;808;701;12,18;3515350;2429;25,42390622;31,76007866;0,7840695;35
Euclides da Cunha Paulista;2013;96663;78;3378;1056;9536;916;825;706;12,53;3515350;2447;25,66065436;31,26110124;0,812709732;35
Euclides da Cunha Paulista;2014;104065;79;3661;1117;9517;920;840;708;12,86;3515350;2468;25,93254177;30,5107894;0,834821898;35
Euclides da Cunha Paulista;2015;79686;63;3934;1192;9500;915;855;711;13,24;3515350;2481;26,11578947;30,29994916;0,662947368;35
Euclides da Cunha Paulista;2016;79686;;;;9507;877;860;730;13,55;3515350;2467;25,94930052;;;35
Fartura;2010;162522;70;5769;949;15317;1286;1242;1212;14,65;3515400;3740;24,4173141;16,44999133;0,460207612;37
Fartura;2011;186476;72;6274;1091;15346;1282;1245;1211;14,98;3515400;3738;24,35813893;17,38922537;0,467744038;37
Fartura;2012;225348;79;6771;1185;15374;1269;1248;1211;15,32;3515400;3728;24,24873162;17,50110767;0,513984649;37
Fartura;2013;258501;76;7192;1260;15404;1261;1250;1209;15,68;3515400;3720;24,14957154;17,51946607;0,495131135;37
Fartura;2014;311327;79;7606;1348;15432;1265;1252;1208;16,03;3515400;3725;24,13815448;17,72285038;0,508683256;37
Fartura;2015;228835;77;7981;1418;15461;1250;1252;1204;16,42;3515400;3706;23,969989;17,76719709;0,500032339;37
Fartura;2016;228835;;;;15497;1197;1258;1209;16,84;3515400;3664;23,6432858;;;37
Fernando Prestes;2010;86619;66;2534;342;5533;392;441;422;19,21;3515608;1255;22,68208928;13,4964483;1,194469546;21
Fernando Prestes;2011;105063;69;2696;352;5538;385;437;427;19,45;3515608;1249;22,55326833;13,05637982;1,241422896;21
Fernando Prestes;2012;113329;71;2924;404;5544;378;422;441;19,68;3515608;1241;22,38455988;13,81668947;1,273268398;21
Fernando Prestes;2013;133167;70;3073;432;5550;373;414;444;19,95;3515608;1231;22,18018018;14,05792385;1,264504505;21
Fernando Prestes;2014;128279;76;3220;448;5556;366;406;446;20,18;3515608;1218;21,92224622;13,91304348;1,360511159;21
Fernando Prestes;2015;113291;70;3351;445;5561;360;397;446;20,48;3515608;1203;21,63279986;13,27961802;1,26739795;21
Fernando Prestes;2016;113291;;;;5563;350;390;442;20,76;3515608;1182;21,24752831;;;21
Fernandopolis;2010;1069481;80;40729;12793;64670;4942;5193;5215;15,99;3515509;15350;23,7358899;31,41005181;0,123550332;65
Fernandopolis;2011;1197922;84;44026;13872;64846;4861;5144;5211;16,39;3515509;15216;23,46482435;31,50865398;0,129182987;65
Fernandopolis;2012;1369314;84;46966;14685;65022;4777;5094;5206;16,8;3515509;15077;23,18753653;31,26729975;0,129525391;65
Fernandopolis;2013;1588191;83;49627;15426;65198;4696;5042;5198;17,21;3515509;14936;22,90867818;31,08388579;0,127473235;65
Fernandopolis;2014;1686206;83;52083;16126;65375;4612;4989;5193;17,63;3515509;14794;22,62944551;30,96211816;0,126577438;65
Fernandopolis;2015;1382223;83;53894;16712;65552;4529;4934;5181;18,05;3515509;14644;22,33951672;31,0090177;0,126159385;65
Fernandopolis;2016;1382223;;;;65663;4370;4853;5133;18,57;3515509;14356;21,86314972;;;65
Fernao;2010;23330;85;481;101;1562;118;123;123;16,58;3515657;364;23,30345711;20,997921;5,410371319;
Fernao;2011;24860;73;533;106;1570;119;122;124;16,75;3515657;365;23,24840764;19,88742964;4,664968153;
Fernao;2012;26510;82;573;111;1579;122;122;125;16,91;3515657;369;23,36922103;19,37172775;5,20519316;
Fernao;2013;35230;66;627;126;1587;123;121;125;17,14;3515657;369;23,25141777;20,09569378;4,172652804;
Fernao;2014;46275;65;667;123;1596;130;122;126;17,42;3515657;378;23,68421053;18,44077961;4,068922306;
Fernao;2015;31241;61;727;142;1604;128;122;127;17,77;3515657;377;23,50374065;19,53232462;3,773690773;
Fernao;2016;31241;;;;1613;126;123;126;17,92;3515657;375;23,24860508;;;
Ferraz de Vasconcelos;2010;2133263;72;38252;5901;168072;15965;15925;15484;7,01;3515707;47374;28,1867295;15,42664436;0,042761436;
Ferraz de Vasconcelos;2011;2353543;75;44586;6883;170539;16221;16072;15713;7,33;3515707;48006;28,14957282;15,4375813;0,043796434;
Ferraz de Vasconcelos;2012;2474715;73;51413;7686;173043;16472;16210;15936;7,67;3515707;48618;28,0959068;14,94952638;0,042347856;
Ferraz de Vasconcelos;2013;2572172;74;58154;8356;175583;16717;16341;16154;8,03;3515707;49212;28,02777034;14,36874506;0,042304779;
Ferraz de Vasconcelos;2014;2747746;71;61754;8772;178160;16957;16464;16365;8,39;3515707;49786;27,94454423;14,20474787;0,040037045;
Ferraz de Vasconcelos;2015;2456288;69;63860;8916;180775;17191;16578;16571;8,77;3515707;50340;27,84677085;13,96179142;0,037892408;
Ferraz de Vasconcelos;2016;2456288;;;;183163;16600;16817;16707;9,17;3515707;50124;27,36578894;;;
Flora Rica;2010;21531;75;551;98;1755;153;121;110;20,63;3515806;384;21,88034188;17,78584392;4,258689459;12
Flora Rica;2011;21604;79;601;110;1734;157;125;110;20,88;3515806;392;22,60668973;18,30282862;4,565743945;12
Flora Rica;2012;28507;84;656;118;1714;154;129;110;21,12;3515806;393;22,92882147;17,98780488;4,883313886;12
Flora Rica;2013;35153;71;701;135;1693;155;132;109;21,32;3515806;396;23,39043119;19,25820257;4,173065564;12
Flora Rica;2014;31431;65;746;140;1674;155;136;109;21,51;3515806;400;23,8948626;18,76675603;3,896057348;12
Flora Rica;2015;27645;25;773;146;1654;144;140;109;21,83;3515806;393;23,76058041;18,88745149;1,511487304;12
Flora Rica;2016;27645;;;;1641;129;146;113;22;3515806;388;23,64411944;;;12
Floreal;2010;40868;73;1435;260;3005;231;212;206;21,13;3515905;649;21,59733777;18,1184669;2,428951747;18
Floreal;2011;53163;59;1548;274;2989;218;214;205;21,58;3515905;637;21,31147541;17,7002584;1,960187354;18
Floreal;2012;51000;53;1696;279;2973;207;218;205;22,07;3515905;630;21,19071645;16,4504717;1,7790111;18
Floreal;2013;55025;64;1795;299;2958;196;219;204;22,62;3515905;619;20,92630156;16,65738162;2,164976335;18
Floreal;2014;63698;79;1853;311;2942;185;222;204;23,08;3515905;611;20,76818491;16,78359417;2,693745751;18
Floreal;2015;52751;86;1848;308;2926;175;224;203;23,65;3515905;602;20,57416268;16,66666667;2,939166097;18
Floreal;2016;52751;;;;2912;171;213;206;24,18;3515905;590;20,26098901;;;18
Florida Paulista;2010;143194;65;4226;446;12832;953;1220;1335;13,93;3516002;3508;27,33790524;10,5537151;0,506312344;21
Florida Paulista;2011;144633;67;4632;496;12754;942;1205;1328;14,13;3516002;3475;27,24635408;10,70811744;0,527991218;21
Florida Paulista;2012;165943;66;4972;556;12676;931;1190;1305;14,34;3516002;3426;27,02745346;11,18262269;0,520984538;21
Florida Paulista;2013;182968;62;5355;616;12599;919;1174;1292;14,56;3516002;3385;26,86721168;11,50326797;0,490435749;21
Florida Paulista;2014;184770;59;5646;659;12522;907;1157;1284;14,78;3516002;3348;26,73694298;11,67198016;0,474844274;21
Florida Paulista;2015;164302;55;5864;699;12447;896;1141;1261;15,02;3516002;3298;26,4963445;11,920191;0,439543665;21
Florida Paulista;2016;164302;;;;12380;854;1133;1257;15,36;3516002;3244;26,20355412;;;21
Florinia;2010;60937;90;902;215;2831;237;206;211;15,68;3516101;654;23,10137761;23,83592018;3,191098552;
Florinia;2011;76327;94;996;234;2814;236;208;206;16,06;3516101;650;23,09879176;23,4939759;3,330135039;
Florinia;2012;76389;83;1085;237;2799;233;211;201;16,54;3516101;645;23,04394427;21,84331797;2,964630225;
Florinia;2013;82635;70;1150;251;2782;227;214;196;17,07;3516101;637;22,89719626;21,82608696;2,510783609;
Florinia;2014;78362;66;1210;259;2766;215;221;191;17,61;3516101;627;22,6681128;21,40495868;2,400939986;
Florinia;2015;74930;76;1289;265;2750;210;219;186;18,18;3516101;615;22,36363636;20,55857254;2,749454545;
Florinia;2016;74930;;;;2740;204;222;190;18,58;3516101;616;22,48175182;;;
Franca;2010;5056918;78;181874;50111;318369;27271;28592;27108;11,42;3516200;82971;26,06126853;27,55259135;0,024619231;120
Franca;2011;5893434;80;195143;53800;320907;27137;28358;27442;11,77;3516200;82937;25,84455933;27,56952594;0,02487325;120
Franca;2012;6650297;81;208173;57127;323464;26995;28118;27769;12,13;3516200;82882;25,62325328;27,44207942;0,025186729;120
Franca;2013;7400741;82;220033;59859;326042;26842;27867;28092;12,5;3516200;82801;25,3958079;27,20455568;0,025045853;120
Franca;2014;8069332;83;230494;62184;328640;26681;27609;28404;12,88;3516200;82694;25,16248783;26,97857645;0,025133885;120
Franca;2015;6614144;83;239025;63998;331259;26510;27341;28711;13,26;3516200;82562;24,92370019;26,77460517;0,024971397;120
Franca;2016;6614144;;;;333405;25814;27204;28448;13,72;3516200;81466;24,43454657;;;120
Francisco Morato;2010;883621;78;24782;5160;154287;14993;14832;14392;6,36;3516309;44217;28,65892784;20,82156404;0,050289396;2
Francisco Morato;2011;1009861;77;29185;6213;156194;15257;14865;14476;6,73;3516309;44598;28,55295338;21,28833305;0,049572967;2
Francisco Morato;2012;1081425;77;33124;6973;158123;15517;14890;14553;7,12;3516309;44960;28,43356122;21,05120155;0,048557136;2
Francisco Morato;2013;1239002;77;36833;7655;160078;15771;14905;14621;7,54;3516309;45297;28,2968303;20,78299351;0,048345182;2
Francisco Morato;2014;1268410;78;39624;8111;162055;16024;14912;14679;7,97;3516309;45615;28,14785104;20,46991722;0,048335442;2
Francisco Morato;2015;1096464;73;42287;8491;164058;16267;14910;14731;8,42;3516309;45908;27,98278658;20,07945704;0,044734179;2
Francisco Morato;2016;1096464;;;;166077;15791;15211;14809;8,84;3516309;45811;27,58419287;;;2
Franco da Rocha;2010;1613873;81;31253;6154;131389;11500;13248;13742;7,66;3516408;38490;29,29468981;19,69090967;0,061633775;43
Franco da Rocha;2011;1790985;82;35735;6968;133486;11727;13377;13790;7,98;3516408;38894;29,13713798;19,49909053;0,061504577;43
Franco da Rocha;2012;1946858;80;40188;7593;135617;11954;13502;13830;8,31;3516408;39286;28,96834468;18,89369961;0,059262482;43
Franco da Rocha;2013;2325813;83;43832;8090;137782;12181;13620;13868;8,66;3516408;39669;28,79113382;18,45683519;0,060290894;43
Franco da Rocha;2014;2563525;84;46524;8483;139981;12406;13734;13896;9,02;3516408;40036;28,60102442;18,23359986;0,060122445;43
Franco da Rocha;2015;2048211;82;48757;8887;142214;12628;13842;13920;9,39;3516408;40390;28,40086067;18,22712636;0,057385349;43
Franco da Rocha;2016;2048211;;;;144159;12307;14050;14032;9,74;3516408;40389;28,01698125;;;43
Gabriel Monteiro;2010;38181;65;1190;275;2708;188;203;217;17,5;3516507;608;22,45199409;23,1092437;2,395125554;3
Gabriel Monteiro;2011;51766;53;1316;308;2707;184;199;213;17,88;3516507;596;22,01699298;23,40425532;1,949759882;3
Gabriel Monteiro;2012;42281;43;1460;338;2705;179;195;209;18,41;3516507;583;21,55268022;23,15068493;1,584473198;3
Gabriel Monteiro;2013;44562;45;1593;354;2705;175;191;206;18,78;3516507;572;21,14602588;22,22222222;1,66728281;3
Gabriel Monteiro;2014;61077;50;1649;347;2703;171;187;203;19,27;3516507;561;20,75471698;21,0430564;1,849796522;3
Gabriel Monteiro;2015;47573;55;1681;344;2702;167;184;199;19,76;3516507;550;20,35529238;20,46400952;2,0392302;3
Gabriel Monteiro;2016;47573;;;;2698;162;180;195;20,35;3516507;537;19,90363232;;;3
Galia;2010;80639;52;2195;372;7018;567;533;555;16,56;3516606;1655;23,58221716;16,9476082;0,739526931;46
Galia;2011;82281;61;2420;433;6960;563;531;541;16,95;3516606;1635;23,49137931;17,89256198;0,871408046;46
Galia;2012;96105;65;2639;484;6901;544;530;528;17,32;3516606;1602;23,21402695;18,34028041;0,940733227;46
Galia;2013;98544;64;2820;507;6843;531;529;513;17,74;3516606;1573;22,98699401;17,9787234;0,932485752;46
Galia;2014;104544;59;2979;535;6787;532;525;498;18,12;3516606;1555;22,91144836;17,95904666;0,868130249;46
Galia;2015;92423;50;3143;566;6730;515;523;484;18,57;3516606;1522;22,61515602;18,00827235;0,747845468;46
Galia;2016;92423;;;;6696;487;527;485;19,18;3516606;1499;22,3864994;;;46
Garca;2010;710995;85;20134;5458;43115;3480;3611;3431;14,57;3516705;10522;24,40449959;27,10837389;0,196265801;56
Garca;2011;750318;81;21636;5862;43046;3441;3556;3432;14,97;3516705;10429;24,22757051;27,09373267;0,188588951;56
Garca;2012;858995;87;23044;6223;42976;3403;3497;3435;15,37;3516705;10335;24,04830603;27,00486027;0,20341586;56
Garca;2013;905803;89;24350;6510;42907;3362;3440;3434;15,79;3516705;10236;23,85624723;26,73511294;0,206493113;56
Garca;2014;998349;88;25503;6757;42838;3320;3383;3436;16,21;3516705;10139;23,66823848;26,49492217;0,204794808;56
Garca;2015;844892;87;26567;7003;42769;3280;3326;3430;16,64;3516705;10036;23,46559424;26,35976964;0,204119806;56
Garca;2016;844892;;;;42712;3157;3297;3384;17,08;3516705;9838;23,03333958;;;56
Gastao Vidigal;2010;38209;79;1543;331;4188;272;546;497;13,32;3516804;1315;31,39923591;21,45171743;1,889684814;11
Gastao Vidigal;2011;40700;76;1643;356;4251;276;485;515;13,62;3516804;1276;30,01646671;21,66768107;1,792284168;11
Gastao Vidigal;2012;46791;72;1766;379;4315;277;429;541;13,84;3516804;1247;28,89918888;21,46092865;1,670451912;11
Gastao Vidigal;2013;50772;69;1911;422;4380;279;381;559;14,04;3516804;1219;27,83105023;22,08267923;1,565068493;11
Gastao Vidigal;2014;48759;65;1995;434;4446;279;338;574;14,24;3516804;1191;26,78812416;21,75438596;1,472109762;11
Gastao Vidigal;2015;45046;60;2039;441;4513;280;301;585;14,4;3516804;1166;25,83647241;21,62824914;1,329492577;11
Gastao Vidigal;2016;45046;;;;4563;281;302;520;14,66;3516804;1103;24,1726934;;;11
Gaviao Peixoto;2010;63812;65;1146;113;4416;407;441;408;10,6;3516853;1256;28,44202899;9,860383944;1,465353261;10
Gaviao Peixoto;2011;60665;74;1255;124;4436;396;437;412;10,82;3516853;1245;28,06582507;9,880478088;1,661632101;10
Gaviao Peixoto;2012;87021;77;1410;140;4455;385;431;417;11,02;3516853;1233;27,67676768;9,929078014;1,7335578;10
Gaviao Peixoto;2013;104120;69;1619;150;4476;375;414;430;11,26;3516853;1219;27,23413762;9,264978382;1,543565684;10
Gaviao Peixoto;2014;113307;84;1724;152;4496;365;407;432;11,54;3516853;1204;26,77935943;8,816705336;1,860320285;10
Gaviao Peixoto;2015;85785;65;1799;151;4516;355;398;430;11,82;3516853;1183;26,19574845;8,393551973;1,4340124;10
Gaviao Peixoto;2016;85785;;;;4535;350;387;426;12,15;3516853;1163;25,64498346;;;10
General Salgado;2010;174774;76;5223;779;10670;836;916;822;15,39;3516903;2574;24,12371134;14,91479992;0,714901593;34
General Salgado;2011;219522;73;5594;860;10673;815;902;838;15,79;3516903;2555;23,93891127;15,37361459;0,68303195;34
General Salgado;2012;222243;73;5969;947;10676;793;873;853;16,22;3516903;2519;23,59497939;15,86530407;0,683776695;34
General Salgado;2013;267115;72;6280;1006;10680;773;858;864;16,66;3516903;2495;23,36142322;16,01910828;0,676217228;34
General Salgado;2014;271796;73;6649;1090;10683;751;840;882;17,09;3516903;2473;23,1489282;16,39344262;0,682767013;34
General Salgado;2015;231090;82;6872;1153;10686;731;820;897;17,57;3516903;2448;22,90847838;16,7782305;0,765861875;34
General Salgado;2016;231090;;;;10679;702;799;882;18,06;3516903;2383;22,31482349;;;34
Getulina;2010;146807;58;3111;448;10762;830;947;1106;13,52;3517000;2883;26,78870098;14,4005143;0,539304962;21
Getulina;2011;142740;56;3377;540;10769;827;953;1116;13,75;3517000;2896;26,89200483;15,99052413;0,522425481;21
Getulina;2012;136271;60;3644;590;10776;824;958;1121;13,99;3517000;2903;26,93949517;16,1909989;0,557906459;21
Getulina;2013;167499;63;3950;654;10783;821;964;1119;14,24;3517000;2904;26,93128072;16,55696203;0,581285357;21
Getulina;2014;170204;61;4228;696;10790;817;968;1123;14,5;3517000;2908;26,95088044;16,46168401;0,568952734;21
Getulina;2015;152704;66;4347;717;10797;814;974;1120;14,75;3517000;2908;26,93340743;16,49413389;0,607668797;21
Getulina;2016;152704;;;;10807;788;971;1133;15,1;3517000;2892;26,76043305;;;21
Glicerio;2010;61909;47;1305;292;4564;387;329;363;13,87;3517109;1079;23,64154251;22,37547893;1,021910605;14
Glicerio;2011;64039;43;1464;329;4584;396;339;354;14,27;3517109;1089;23,7565445;22,4726776;0,937609075;14
Glicerio;2012;77792;51;1632;365;4604;397;349;346;14,73;3517109;1092;23,71850565;22,36519608;1,104039965;14
Glicerio;2013;85915;49;1801;402;4624;396;359;338;15,16;3517109;1093;23,63754325;22,32093282;1,067690311;14
Glicerio;2014;79125;59;1929;428;4643;393;370;330;15,59;3517109;1093;23,54081413;22,187662;1,270083997;14
Glicerio;2015;73756;58;2052;442;4664;385;381;322;16,1;3517109;1088;23,32761578;21,53996101;1,237349914;14
Glicerio;2016;73756;;;;4681;368;388;332;16,56;3517109;1088;23,24289682;;;14
Guaimbe;2010;54642;58;1500;185;5423;475;451;458;13,96;3517307;1384;25,52092937;12,33333333;1,062880325;11
Guaimbe;2011;55384;69;1648;208;5432;478;452;452;14,19;3517307;1382;25,44182622;12,62135922;1,26122975;11
Guaimbe;2012;44989;70;1787;227;5440;473;455;447;14,43;3517307;1375;25,27573529;12,70285395;1,283455882;11
Guaimbe;2013;60835;67;1940;247;5449;480;454;441;14,68;3517307;1375;25,23398789;12,73195876;1,227748211;11
Guaimbe;2014;65443;67;2052;263;5457;473;456;436;14,97;3517307;1365;25,01374382;12,81676413;1,228147334;11
Guaimbe;2015;56259;62;2174;273;5466;467;457;430;15,28;3517307;1354;24,77131357;12,5574977;1,133552872;11
Guaimbe;2016;56259;;;;5479;449;460;433;15,55;3517307;1342;24,49352072;;;11
Guaira;2010;1034455;75;19207;4481;37380;2869;3163;3373;12,19;3517406;9405;25,16051364;23,33003592;0,199545211;72
Guaira;2011;1109600;74;20590;5046;37567;2885;3102;3334;12,59;3517406;9321;24,81166982;24,50704225;0,196315916;72
Guaira;2012;1202021;75;22176;5590;37756;2902;3044;3286;12,99;3517406;9232;24,45174277;25,20743146;0,199729844;72
Guaira;2013;1491874;79;23751;5918;37945;2917;2983;3243;13,4;3517406;9143;24,09540124;24,91684561;0,208617736;72
Guaira;2014;1546206;76;25036;6183;38135;2930;2923;3198;13,81;3517406;9051;23,73410253;24,69643713;0,198951095;72
Guaira;2015;1276831;71;25921;6348;38327;2943;2863;3154;14,24;3517406;8960;23,37777546;24,48979592;0,184152164;72
Guaira;2016;1276831;;;;38473;2857;2879;3094;14,71;3517406;8830;22,95116055;;;72
Guaicara;2010;127362;46;3470;931;10657;903;981;916;11,52;3517208;2800;26,27381064;26,82997118;0,427324763;22
Guaicara;2011;116919;54;4003;1021;10789;914;978;941;11,74;3517208;2833;26,25822597;25,5058706;0,504495319;22
Guaicara;2012;128147;55;4303;1092;10923;924;971;965;11,97;3517208;2860;26,18328298;25,3776435;0,506912021;22
Guaicara;2013;152925;56;4606;1153;11058;935;968;990;12,24;3517208;2893;26,16205462;25,03256622;0,5028034;22
Guaicara;2014;177656;59;4908;1222;11195;943;962;1017;12,47;3517208;2922;26,10093792;24,89812551;0,529254131;22
Guaicara;2015;140602;51;5129;1268;11334;953;956;1039;12,75;3517208;2948;26,01023469;24,72216806;0,447414858;22
Guaicara;2016;140602;;;;11454;922;964;1038;13,06;3517208;2924;25,52819976;;;22
Guapiara;2010;189594;75;3306;848;18012;1744;1336;1265;12,55;3517604;4345;24,12280702;25,65033273;0,413724184;47
Guapiara;2011;207370;75;3567;951;17947;1750;1386;1251;12,82;3517604;4387;24,4441968;26,66105971;0,418008581;47
Guapiara;2012;199847;76;3872;1031;17882;1755;1437;1236;13,1;3517604;4428;24,76233084;26,62706612;0,423722179;47
Guapiara;2013;332485;74;4344;1154;17818;1756;1488;1221;13,38;3517604;4465;25,05892917;26,56537753;0,417218543;47
Guapiara;2014;586681;78;4767;1269;17754;1762;1539;1204;13,64;3517604;4505;25,37456348;26,62051605;0,437985806;47
Guapiara;2015;303195;71;5273;1438;17690;1764;1591;1188;13,9;3517604;4543;25,68117581;27,27100322;0,399943471;47
Guapiara;2016;303195;;;;17707;1688;1609;1245;14,24;3517604;4542;25,65087254;;;47
Guapiacu;2010;237522;50;7564;1840;17834;1363;1661;1550;12,82;3517505;4574;25,64763934;24,32575357;0,280699787;23
Guapiacu;2011;272579;47;8232;2005;18154;1372;1640;1610;13,12;3517505;4622;25,45995373;24,35617104;0,256362234;23
Guapiacu;2012;288442;48;9002;2124;18478;1382;1615;1673;13,41;3517505;4670;25,27329798;23,59475672;0,261500162;23
Guapiacu;2013;325295;53;9772;2281;18809;1390;1592;1732;13,73;3517505;4714;25,06247009;23,34220221;0,283853474;23
Guapiacu;2014;335354;53;10302;2474;19146;1400;1568;1802;14,03;3517505;4770;24,91382012;24,01475442;0,277133605;23
Guapiacu;2015;291838;52;10790;2604;19489;1408;1545;1865;14,34;3517505;4818;24,72163785;24,1334569;0,266509313;23
Guapiacu;2016;291838;;;;19753;1375;1549;1836;14,67;3517505;4760;24,09760543;;;23
Guara;2010;284371;54;6022;1059;19850;1714;1679;1774;10,96;3517703;5167;26,0302267;17,58551976;0,274307305;39
Guara;2011;319312;52;6660;1152;19943;1715;1678;1743;11,29;3517703;5136;25,75339718;17,2972973;0,258486687;39
Guara;2012;402649;51;7205;1262;20037;1712;1676;1714;11,64;3517703;5102;25,46289365;17,51561416;0,252432999;39
Guara;2013;406597;55;7774;1369;20132;1709;1674;1684;12;3517703;5067;25,16888536;17,60998199;0,271756408;39
Guara;2014;434485;59;8363;1500;20226;1710;1671;1654;12,37;3517703;5035;24,89370118;17,93614732;0,289726095;39
Guara;2015;369483;47;8814;1580;20322;1707;1667;1624;12,74;3517703;4998;24,59403602;17,92602678;0,231178034;39
Guara;2016;369483;;;;20421;1697;1670;1627;13,08;3517703;4994;24,45521767;;;39
Guaraci;2010;190313;64;3015;509;9966;877;941;909;12,83;3517901;2727;27,36303432;16,88225539;0,637166366;19
Guaraci;2011;209743;70;3401;606;10069;862;941;924;13,04;3517901;2727;27,08312643;17,81828874;0,695600358;19
Guaraci;2012;203889;69;3797;707;10174;848;930;940;13,24;3517901;2718;26,71515628;18,61996313;0,674366031;19
Guaraci;2013;224329;70;4158;749;10279;831;924;954;13,47;3517901;2709;26,35470376;18,01346801;0,682556669;19
Guaraci;2014;244131;62;4390;773;10386;814;916;972;13,69;3517901;2702;26,01579049;17,60820046;0,598690545;19
Guaraci;2015;214481;58;4645;818;10494;800;910;979;13,91;3517901;2689;25,62416619;17,61033369;0,552125024;19
Guaraci;2016;214481;;;;10589;784;893;979;14,15;3517901;2656;25,08263292;;;19
Guarani d'Oeste;2010;17899;65;690;166;1970;145;158;142;17,21;3518008;445;22,58883249;24,05797101;3,284771574;9
Guarani d'Oeste;2011;19081;66;766;180;1965;144;158;143;17,46;3518008;445;22,64631043;23,49869452;3,352671756;9
Guarani d'Oeste;2012;24565;49;813;190;1961;143;156;145;17,7;3518008;444;22,64150943;23,3702337;2,489036206;9
Guarani d'Oeste;2013;25883;56;862;210;1956;142;146;156;17,94;3518008;444;22,6993865;24,36194896;2,860429448;9
Guarani d'Oeste;2014;26129;64;926;217;1952;141;143;156;18,39;3518008;440;22,54098361;23,43412527;3,293545082;9
Guarani d'Oeste;2015;22711;60;988;208;1947;140;140;152;18,7;3518008;432;22,18798151;21,05263158;3,057010786;9
Guarani d'Oeste;2016;22711;;;;1942;136;139;154;19,16;3518008;429;22,09062822;;;9
Guaranta;2010;103419;49;1852;357;6403;561;562;558;11,82;3518107;1681;26,25331876;19,27645788;0,766984226;62
Guaranta;2011;101677;51;2059;428;6409;564;557;553;12,2;3518107;1674;26,11951943;20,7867897;0,803089406;62
Guaranta;2012;86140;47;2306;479;6416;574;551;548;12,59;3518107;1673;26,07543641;20,77189939;0,727400249;62
Guaranta;2013;113729;48;2499;505;6423;578;547;544;13;3518107;1669;25,98474233;20,20808323;0,747158649;62
Guaranta;2014;122691;47;2697;522;6430;579;541;539;13,39;3518107;1659;25,80093313;19,35483871;0,726127527;62
Guaranta;2015;105531;52;2816;540;6436;575;536;534;13,83;3518107;1645;25,55935364;19,17613636;0,803915475;62
Guaranta;2016;105531;;;;6445;564;541;531;14,23;3518107;1636;25,38401862;;;62
Guararapes;2010;588124;77;14528;4442;30582;2381;2593;2519;14,64;3518206;7493;24,50134066;30,57544053;0,250408737;30
Guararapes;2011;639407;76;15727;4808;30752;2359;2550;2534;14,92;3518206;7443;24,20330385;30,57162841;0,247626171;30
Guararapes;2012;693231;76;16942;5114;30924;2336;2509;2550;15,2;3518206;7395;23,91346527;30,18533821;0,245181736;30
Guararapes;2013;704331;76;18208;5377;31097;2313;2467;2563;15,48;3518206;7343;23,61321028;29,5309754;0,245554234;30
Guararapes;2014;782522;75;19291;5675;31270;2288;2424;2577;15,76;3518206;7289;23,30988168;29,41786325;0,240486089;30
Guararapes;2015;681523;75;20042;5868;31445;2264;2381;2592;16,03;3518206;7237;23,01478772;29,27851512;0,238448084;30
Guararapes;2016;681523;;;;31570;2188;2358;2548;16,44;3518206;7094;22,47070003;;;30
Guararema;2010;1111405;74;10291;2067;25808;2272;2165;2256;11,59;3518305;6693;25,93381897;20,08551161;0,286616553;45
Guararema;2011;1247690;76;11538;2284;26161;2311;2214;2268;11,83;3518305;6793;25,96613279;19,79545849;0,291999541;45
Guararema;2012;1195355;78;12844;2471;26518;2342;2263;2279;12,08;3518305;6884;25,95972547;19,23855497;0,295459688;45
Guararema;2013;1488735;81;14063;2662;26881;2377;2311;2288;12,32;3518305;6976;25,9514155;18,92910474;0,301328076;45
Guararema;2014;1555846;83;15033;2849;27248;2415;2359;2297;12,57;3518305;7071;25,95052848;18,95163973;0,303912214;45
Guararema;2015;1319806;82;15781;2959;27621;2446;2408;2307;12,83;3518305;7161;25,92592593;18,75039605;0,297201405;45
Guararema;2016;1319806;;;;27973;2368;2446;2356;13,09;3518305;7170;25,63185929;;;45
Guaratingueta;2010;2927684;77;49731;11648;112004;9283;9403;9390;12,91;3518404;28076;25,06696189;23,42201042;0,06836363;58
Guaratingueta;2011;3095558;78;52952;12522;112684;9172;9379;9392;13,26;3518404;27943;24,79766426;23,647832;0,069016009;58
Guaratingueta;2012;3427505;79;56852;13324;113368;9058;9352;9390;13,62;3518404;27800;24,52191094;23,43629072;0,069472867;58
Guaratingueta;2013;4161442;80;60029;13892;114057;8943;9321;9383;13,99;3518404;27647;24,23963457;23,14214796;0,06988611;58
Guaratingueta;2014;4471713;81;63155;14503;114750;8823;9287;9376;14,36;3518404;27486;23,95294118;22,96413586;0,070509804;58
Guaratingueta;2015;3616780;77;65536;15029;115446;8703;9250;9362;14,74;3518404;27315;23,66041266;22,93243408;0,066377354;58
Guaratingueta;2016;3616780;;;;116020;8405;9141;9340;15,21;3518404;26886;23,17359076;;;58
Guaracai;2010;123957;58;3807;881;8439;595;659;606;17,04;3517802;1860;22,04052613;23,1415813;0,682900818;19
Guaracai;2011;176871;58;4146;980;8439;599;643;613;17,43;3517802;1855;21,9812774;23,63724071;0,6837303;19
Guaracai;2012;188435;58;4440;1024;8440;604;625;619;17,86;3517802;1848;21,8957346;23,06306306;0,683175355;19
Guaracai;2013;179489;58;4697;1056;8439;607;607;624;18,28;3517802;1838;21,77983173;22,4824356;0,690721649;19
Guaracai;2014;192118;60;4939;1102;8440;611;591;628;18,74;3517802;1830;21,68246445;22,31220895;0,715402844;19
Guaracai;2015;172174;58;5083;1129;8440;614;573;634;19,21;3517802;1821;21,57582938;22,21129254;0,690876777;19
Guaracai;2016;172174;;;;8434;588;577;617;19,56;3517802;1782;21,12876452;;;19
Guarei;2010;145819;61;3432;957;14522;1115;1537;1775;9,61;3518503;4427;30,48478171;27,88461538;0,419019419;15
Guarei;2011;173823;56;3781;1044;14648;1121;1571;1800;9,84;3518503;4492;30,66630257;27,61174293;0,384421081;15
Guarei;2012;168489;60;4098;1118;14775;1126;1606;1817;10,1;3518503;4549;30,78849408;27,28160078;0,407986464;15
Guarei;2013;198456;64;4405;1176;14903;1130;1642;1836;10,35;3518503;4608;30,919949;26,6969353;0,43098705;15
Guarei;2014;196296;59;4723;1272;15033;1134;1677;1856;10,62;3518503;4667;31,04503426;26,93203472;0,394864631;15
Guarei;2015;176577;54;5055;1371;15163;1137;1712;1874;10,9;3518503;4723;31,14818967;27,12166172;0,355668403;15
Guarei;2016;176577;;;;15279;1096;1716;1913;11,19;3518503;4725;30,92479874;;;15
Guariba;2010;618831;70;13472;2135;35447;3166;3552;3624;9,23;3518602;10342;29,17595283;15,84768409;0,198691003;35
Guariba;2011;642549;67;14400;2390;35820;3142;3486;3625;9,46;3518602;10253;28,62367393;16,59722222;0,185706309;35
Guariba;2012;653832;65;15669;2688;36197;3117;3419;3621;9,72;3518602;10157;28,06033649;17,15489182;0,178716468;35
Guariba;2013;699851;65;16964;3018;36578;3090;3352;3617;9,96;3518602;10059;27,50013669;17,79061542;0,17639018;35
Guariba;2014;760061;68;17958;3238;36962;3062;3284;3615;10,21;3518602;9961;26,94929928;18,03096113;0,183215194;35
Guariba;2015;675025;69;18695;3449;37351;3032;3216;3609;10,46;3518602;9857;26,39019036;18,4487831;0,183529223;35
Guariba;2016;675025;;;;37679;2967;3188;3538;10,84;3518602;9693;25,72520502;;;35
Guaruja;2010;4443142;62;94674;39402;290526;25443;25388;25659;9,2;3518701;76490;26,32810833;41,61860701;0,021354371;38
Guaruja;2011;4993330;64;102676;42694;293052;25657;25380;25578;9,52;3518701;76615;26,1438243;41,58128482;0,021893725;38
Guaruja;2012;5671911;64;109754;45493;295600;25862;25364;25490;9,85;3518701;76716;25,9526387;41,44996993;0,021644114;38
Guaruja;2013;6768627;66;116512;48295;298169;26063;25336;25392;10,18;3518701;76791;25,75418638;41,45066603;0,022044545;38
Guaruja;2014;7456001;68;122596;50855;300761;26248;25299;25285;10,52;3518701;76832;25,54586532;41,48177755;0,022772234;38
Guaruja;2015;5866602;68;127288;52854;303376;26429;25252;25171;10,87;3518701;76852;25,33226096;41,52316008;0,022404541;38
Guaruja;2016;5866602;;;;305938;25674;25512;25217;11,29;3518701;76403;24,97336062;;;38
Guarulhos;2010;35671510;77;443651;63376;1220653;103756;110932;114420;8,23;3518800;329108;26,96163447;14,28510248;0,006342507;70
Guarulhos;2011;39082624;77;487789;70505;1233904;105667;110823;114271;8,55;3518800;330761;26,80605622;14,45399548;0,006228199;70
Guarulhos;2012;42426241;80;529060;76230;1247299;107566;110666;114075;8,88;3518800;332307;26,64212831;14,4085737;0,006448334;70
Guarulhos;2013;47846350;79;570101;81252;1260840;109449;110461;113829;9,22;3518800;333739;26,46957584;14,25221145;0,00629501;70
Guarulhos;2014;51389524;79;601181;85725;1274528;111316;110205;113531;9,57;3518800;335052;26,28832007;14,25943268;0,006228973;70
Guarulhos;2015;43283250;75;618976;88405;1288364;113165;109903;113189;9,93;3518800;336257;26,09953398;14,28246006;0,005840741;70
Guarulhos;2016;43283250;;;;1300708;110077;111849;113135;10,33;3518800;335061;25,75989384;;;70
Guatapara;2010;137771;73;1951;282;6961;635;575;605;11,52;3518859;1815;26,07383997;14,45412609;1,045826749;33
Guatapara;2011;121413;73;2177;315;7009;634;588;599;11,84;3518859;1821;25,98088172;14,46945338;1,034527037;33
Guatapara;2012;134742;75;2463;352;7057;629;600;594;12,26;3518859;1823;25,83250673;14,29151441;1,057106419;33
Guatapara;2013;210239;76;2640;381;7106;623;612;588;12,65;3518859;1823;25,65437658;14,43181818;1,067689277;33
Guatapara;2014;175750;69;2844;426;7155;618;623;581;13,08;3518859;1822;25,46470999;14,97890295;0,964640112;33
Guatapara;2015;155983;69;2969;427;7204;612;634;574;13,52;3518859;1820;25,26374237;14,38194678;0,959883398;33
Guatapara;2016;155983;;;;7250;603;633;586;14,01;3518859;1822;25,13103448;;;33
Guzolandia;2010;44347;60;1316;178;4750;402;396;397;12,78;3518909;1195;25,15789474;13,52583587;1,252631579;19
Guzolandia;2011;51234;63;1452;195;4787;408;400;398;13,2;3518909;1206;25,19323167;13,42975207;1,321704617;19
Guzolandia;2012;48275;69;1624;215;4824;402;407;400;13,6;3518909;1209;25,06218905;13,23891626;1,422470978;19
Guzolandia;2013;51360;71;1810;249;4861;400;405;401;14,03;3518909;1206;24,80970994;13,75690608;1,466982102;19
Guzolandia;2014;52989;70;1954;260;4898;398;413;402;14,52;3518909;1213;24,76521029;13,30603889;1,424867293;19
Guzolandia;2015;49641;66;2069;277;4936;398;409;404;14,99;3518909;1211;24,53403566;13,3881102;1,3363047;19
Guzolandia;2016;49641;;;;4970;389;415;407;15,49;3518909;1211;24,36619718;;;19
Herculandia;2010;117474;70;2898;509;8690;733;706;722;13,44;3519006;2161;24,86766398;17,56383713;0,803682394;46
Herculandia;2011;141467;65;3256;577;8747;739;713;721;13,55;3519006;2173;24,84280325;17,72113022;0,738996227;46
Herculandia;2012;163595;64;3494;626;8805;727;720;718;13,66;3519006;2165;24,5883021;17,91642816;0,730153322;46
Herculandia;2013;180695;61;3815;672;8863;725;726;716;13,79;3519006;2167;24,44996051;17,6146789;0,685320997;46
Herculandia;2014;212013;60;4145;729;8921;723;736;713;13,94;3519006;2172;24,3470463;17,58745476;0,668422823;46
Herculandia;2015;163049;67;4377;759;8980;719;737;710;14,09;3519006;2166;24,12026726;17,34064428;0,74766147;46
Herculandia;2016;163049;;;;9036;710;745;717;14,44;3519006;2172;24,03718459;;;46
Holambra;2010;381993;87;6159;1374;11257;930;980;1019;9,14;3519055;2929;26,01936573;22,30881637;0,772852447;11
Holambra;2011;439350;87;6575;1477;11597;953;1003;1046;9,42;3519055;3002;25,886005;22,46387833;0,749935328;11
Holambra;2012;502399;89;7023;1536;11946;974;1025;1072;9,74;3519055;3071;25,70734974;21,8709953;0,747446844;11
Holambra;2013;561402;87;7523;1594;12307;995;1047;1099;10,04;3519055;3141;25,52206062;21,18835571;0,706508491;11
Holambra;2014;680667;86;7934;1613;12678;1016;1070;1125;10,38;3519055;3211;25,3273387;20,33022435;0,68133775;11
Holambra;2015;513162;80;8335;1630;13060;1037;1091;1150;10,73;3519055;3278;25,09954058;19,55608878;0,613552833;11
Holambra;2016;513162;;;;13335;1027;1104;1165;11,14;3519055;3296;24,71691039;;;11
Hortolandia;2010;8763446;72;61479;12000;192317;17324;19028;18634;7,58;3519071;54986;28,59133618;19,5188601;0,037568182;22
Hortolandia;2011;9108279;74;68292;13574;196044;17569;19282;19072;7,89;3519071;55923;28,52573912;19,87641305;0,037761931;22
Hortolandia;2012;8259609;76;74460;14577;199843;17810;19528;19513;8,2;3519071;56851;28,44783155;19,57695407;0,038034857;22
Hortolandia;2013;9018437;76;80680;15375;203717;18047;19767;19953;8,53;3519071;57767;28,35649455;19,05676748;0,037493189;22
Hortolandia;2014;10171817;75;88661;16237;207665;18276;20001;20397;8,87;3519071;58674;28,25415934;18,31357643;0,036067705;22
Hortolandia;2015;9064318;71;96202;17087;211690;18500;20228;20838;9,21;3519071;59566;28,13831546;17,761585;0,033719118;22
Hortolandia;2016;9064318;;;;215281;18018;20454;21090;9,61;3519071;59562;27,66709556;;;22
Iacanga;2010;199522;69;3768;661;9997;809;861;868;13,62;3519105;2538;25,38761628;17,54246285;0,689806942;44
Iacanga;2011;267655;74;4219;767;10134;812;867;891;13,86;3519105;2570;25,36017367;18,17966343;0,731300572;44
Iacanga;2012;289450;63;4714;869;10273;817;874;902;14,12;3519105;2593;25,24092281;18,43445057;0,61802784;44
Iacanga;2013;313772;64;5103;915;10414;821;879;920;14,37;3519105;2620;25,15844056;17,93062904;0,614365278;44
Iacanga;2014;304781;63;5424;974;10557;823;884;940;14,66;3519105;2647;25,07341101;17,95722714;0,59742351;44
Iacanga;2015;275036;63;5723;1038;10702;827;890;948;14,93;3519105;2665;24,9018875;18,13734056;0,590076621;44
Iacanga;2016;275036;;;;10820;801;890;956;15,16;3519105;2647;24,46395564;;;44
Iacri;2010;91189;66;2054;349;6422;504;533;490;15,76;3519204;1527;23,77763936;16,99123661;1,024135783;20
Iacri;2011;98900;63;2255;393;6408;493;525;492;16,15;3519204;1510;23,56429463;17,42793792;0,981429463;20
Iacri;2012;108268;59;2449;409;6395;482;511;495;16,51;3519204;1488;23,26817826;16,70069416;0,918530102;20
Iacri;2013;123417;52;2633;442;6380;470;506;496;16,93;3519204;1472;23,07210031;16,78693506;0,817554859;20
Iacri;2014;136197;57;2817;460;6367;459;486;504;17,36;3519204;1449;22,75797079;16,32942847;0,889272813;20
Iacri;2015;111594;60;2911;480;6353;449;475;500;17,79;3519204;1424;22,41460727;16,48917898;0,946796789;20
Iacri;2016;111594;;;;6337;437;465;496;18,21;3519204;1398;22,0609121;;;20
Iaras;2010;77593;40;928;175;6337;672;480;557;8,66;3519253;1709;26,96859713;18,85775862;0,636578823;28
Iaras;2011;71571;42;1064;210;6394;689;490;549;8,95;3519253;1728;27,02533625;19,73684211;0,651704723;28
Iaras;2012;65149;52;1190;240;6450;699;500;541;9,24;3519253;1740;26,97674419;20,16806723;0,802635659;28
Iaras;2013;83634;58;1315;250;6507;711;510;533;9,59;3519253;1754;26,95558629;19,01140684;0,894114031;28
Iaras;2014;110866;61;1443;260;6566;725;520;524;9,95;3519253;1769;26,9418215;18,01801802;0,924307036;28
Iaras;2015;81763;57;1613;281;6624;732;530;516;10,33;3519253;1778;26,84178744;17,42095474;0,865187198;28
Iaras;2016;81763;;;;6677;728;542;526;10,75;3519253;1796;26,89830762;;;28
Ibate;2010;434934;65;11713;2182;30696;2733;3161;3020;8,86;3519303;8914;29,03961428;18,6288739;0,212633568;17
Ibate;2011;516086;68;12768;2390;31109;2745;3106;3078;9,09;3519303;8929;28,7023048;18,71867168;0,219807773;17
Ibate;2012;481903;68;13761;2551;31527;2755;3040;3133;9,34;3519303;8928;28,31858407;18,53789696;0,215878453;17
Ibate;2013;559072;69;14867;2726;31951;2766;2979;3187;9,58;3519303;8932;27,95530656;18,33591175;0,215893086;17
Ibate;2014;619798;69;15710;2913;32380;2774;2918;3246;9,82;3519303;8938;27,60345893;18,54232973;0,212723904;17
Ibate;2015;522359;68;16302;3039;32816;2780;2856;3299;10,08;3519303;8935;27,22757192;18,64188443;0,206423696;17
Ibate;2016;522359;;;;33192;2706;2863;3240;10,42;3519303;8809;26,5395276;;;17
Ibira;2010;116403;56;4152;743;10883;840;1010;986;15,92;3519402;2836;26,05899109;17,89499037;0,517228705;30
Ibira;2011;130378;56;4535;839;11008;830;990;1015;16,06;3519402;2835;25,75399709;18,50055127;0,510992006;30
Ibira;2012;156180;62;5036;959;11134;820;972;1026;16,22;3519402;2818;25,30986168;19,04289118;0,555146398;30
Ibira;2013;185239;62;5503;1029;11261;811;953;1053;16,38;3519402;2817;25,01554036;18,69889151;0,549773555;30
Ibira;2014;206932;53;5923;1119;11390;798;933;1082;16,52;3519402;2813;24,69710272;18,89245315;0,469359087;30
Ibira;2015;159026;53;6157;1153;11521;789;914;1095;16,67;3519402;2798;24,28608628;18,72665259;0,456731187;30
Ibira;2016;159026;;;;11627;767;898;1079;17,01;3519402;2744;23,60024082;;;30
Ibirarema;2010;133411;54;2206;475;6716;597;519;515;14,09;3519501;1631;24,28528886;21,53218495;0,797647409;15
Ibirarema;2011;155762;56;2422;522;6795;610;542;524;14,14;3519501;1676;24,665195;21,552436;0,831346578;15
Ibirarema;2012;126177;50;2581;578;6876;602;567;536;14,22;3519501;1705;24,79639325;22,39442077;0,727166958;15
Ibirarema;2013;156175;48;2782;626;6956;608;592;546;14,28;3519501;1746;25,10063255;22,50179727;0,683007476;15
Ibirarema;2014;155694;46;2946;653;7038;611;624;555;14,38;3519501;1790;25,43336175;22,16564834;0,659136118;15
Ibirarema;2015;145444;50;3107;678;7121;613;644;565;14,46;3519501;1822;25,58629406;21,82169295;0,696250527;15
Ibirarema;2016;145444;;;;7197;598;656;588;14,62;3519501;1842;25,5939975;;;15
Ibitinga;2010;861804;64;27635;8359;53100;4306;4941;4847;12,65;3519600;14094;26,54237288;30,24787407;0,121318267;84
Ibitinga;2011;975236;63;30173;9114;53678;4256;4872;4932;12,91;3519600;14060;26,19322628;30,20581314;0,117254741;84
Ibitinga;2012;1072960;65;32134;9651;54264;4205;4801;5014;13,17;3519600;14020;25,83665045;30,03360926;0,119489901;84
Ibitinga;2013;1147203;67;34232;10090;54855;4154;4730;5096;13,42;3519600;13980;25,48537052;29,47534471;0,121356303;84
Ibitinga;2014;1189077;70;35921;10456;55453;4102;4658;5177;13,68;3519600;13937;25,13299551;29,10832104;0,125890394;84
Ibitinga;2015;1049256;67;37018;10687;56057;4049;4585;5259;13,94;3519600;13893;24,7837023;28,86973905;0,119663914;84
Ibitinga;2016;1049256;;;;56538;3936;4520;5176;14,3;3519600;13632;24,11121723;;;84
Ibiuna;2010;785959;64;25620;5844;71157;6257;5974;6151;11,15;3519709;18382;25,83301713;22,81030445;0,090532203;42
Ibiuna;2011;880026;63;29065;6545;71689;6371;6030;6115;11,45;3519709;18516;25,82823027;22,51849303;0,088409658;42
Ibiuna;2012;1030388;67;31604;7021;72224;6483;6085;6077;11,75;3519709;18645;25,81551839;22,21554234;0,09239311;42
Ibiuna;2013;1245072;69;34989;7613;72764;6597;6138;6036;12,06;3519709;18771;25,79709747;21,75826688;0,09508823;42
Ibiuna;2014;1438503;69;38004;8094;73309;6709;6188;5993;12,37;3519709;18890;25,76764108;21,29775813;0,094776903;42
Ibiuna;2015;1075990;64;40283;8487;73857;6820;6236;5948;12,69;3519709;19004;25,73080412;21,06844078;0,086857035;42
Ibiuna;2016;1075990;;;;74364;6606;6349;6005;13;3519709;18960;25,49620784;;;42
Icem;2010;116631;61;3018;466;7456;606;745;714;11,45;3519808;2065;27,69581545;15,4406892;0,817730687;58
Icem;2011;113744;61;3193;498;7516;604;716;725;11,73;3519808;2045;27,20862161;15,5966176;0,811202767;58
Icem;2012;127851;63;3384;508;7577;603;687;725;12,02;3519808;2015;26,59363864;15,01182033;0,831331662;58
Icem;2013;151764;52;3745;559;7637;599;658;736;12,35;3519808;1993;26,0966348;14,92656876;0,678800576;58
Icem;2014;164301;56;3961;591;7698;595;632;747;12,67;3519808;1974;25,64302416;14,92047463;0,724993505;58
Icem;2015;134858;61;4048;620;7760;593;607;745;13,02;3519808;1945;25,06443299;15,31620553;0,791365979;58
Icem;2016;134858;;;;7814;581;605;715;13,3;3519808;1901;24,328129;;;58
Iepe;2010;103388;72;2812;491;7625;651;588;576;15,5;3519907;1815;23,80327869;17,46088193;0,948721311;49
Iepe;2011;119340;73;3010;543;7653;648;599;577;15,72;3519907;1824;23,83379067;18,03986711;0,948124918;49
Iepe;2012;145526;75;3275;584;7682;645;611;578;15,93;3519907;1834;23,87399115;17,83206107;0,97123145;49
Iepe;2013;143427;76;3515;626;7711;635;622;579;16,2;3519907;1836;23,81014136;17,80938834;0,983789392;49
Iepe;2014;146730;74;3760;657;7739;619;641;580;16,42;3519907;1840;23,77568161;17,47340426;0,959426282;49
Iepe;2015;131682;75;3989;708;7768;611;645;581;16,68;3519907;1837;23,64830072;17,74880923;0,971807415;49
Iepe;2016;131682;;;;7799;586;643;592;16,99;3519907;1821;23,34914733;;;49
Igarapava;2010;506756;66;9485;1214;27934;2242;2606;2591;13,27;3520103;7439;26,63062934;12,79915656;0,234624472;32
Igarapava;2011;579025;66;10087;1358;28098;2210;2528;2594;13,53;3520103;7332;26,09438394;13,462873;0,236244573;32
Igarapava;2012;658897;68;10774;1466;28262;2175;2452;2597;13,82;3520103;7224;25,56082372;13,60683126;0,2388366;32
Igarapava;2013;727728;70;11485;1576;28428;2140;2379;2599;14,08;3520103;7118;25,03869425;13,72224641;0,24690446;32
Igarapava;2014;792356;72;12300;1660;28594;2105;2308;2600;14,35;3520103;7013;24,52612436;13,49593496;0,252780304;32
Igarapava;2015;652952;70;13094;1743;28761;2070;2239;2601;14,62;3520103;6910;24,02559021;13,31144035;0,244775912;32
Igarapava;2016;652952;;;;28899;2036;2207;2523;15,02;3520103;6766;23,41257483;;;32
Igarata;2010;98324;75;3460;770;8826;746;698;700;12,25;3520202;2144;24,29186494;22,25433526;0,852254702;23
Igarata;2011;114772;81;3864;844;8876;756;705;696;12,65;3520202;2157;24,30148716;21,8426501;0,911559261;23
Igarata;2012;121706;85;4320;927;8924;767;714;694;13,08;3520202;2175;24,37247871;21,45833333;0,951927387;23
Igarata;2013;145517;86;4700;960;8974;787;718;689;13,54;3520202;2194;24,44840651;20,42553191;0,955092489;23
Igarata;2014;161349;80;4938;985;9025;795;725;686;13,98;3520202;2206;24,4432133;19,9473471;0,890083102;23
Igarata;2015;128334;81;5163;1002;9075;797;732;683;14,47;3520202;2212;24,37465565;19,40732132;0,889807163;23
Igarata;2016;128334;;;;9122;782;742;690;14,83;3520202;2214;24,2709932;;;23
Igaracu do Tiete;2010;182728;60;8500;1773;23356;2026;2184;2050;10,24;3520004;6260;26,80253468;20,85882353;0,258391848;10
Igaracu do Tiete;2011;200987;64;9101;1970;23432;1988;2146;2064;10,5;3520004;6198;26,45100717;21,64597297;0,274411062;10
Igaracu do Tiete;2012;210972;61;9733;2107;23509;1952;2099;2078;10,8;3520004;6129;26,07086648;21,64800164;0,260410906;10
Igaracu do Tiete;2013;249460;57;10353;2216;23585;1913;2055;2093;11,07;3520004;6061;25,69853721;21,40442384;0,24248463;10
Igaracu do Tiete;2014;252015;61;11053;2370;23661;1876;2011;2100;11,35;3520004;5987;25,30324162;21,4421424;0,257385571;10
Igaracu do Tiete;2015;219232;58;11529;2469;23739;1838;1968;2113;11,65;3520004;5919;24,93365348;21,41556076;0,242722945;10
Igaracu do Tiete;2016;219232;;;;23817;1790;1935;2076;12,11;3520004;5801;24,35655204;;;10
Iguape;2010;269466;78;5821;1653;28829;2406;1836;1976;15,17;3520301;6218;21,56855944;28,39718261;0,270075271;82
Iguape;2011;835028;70;6566;1881;28880;2457;1931;1937;15,49;3520301;6325;21,90096953;28,64757843;0,242520776;82
Iguape;2012;1123169;70;7375;2112;28930;2509;2027;1896;15,8;3520301;6432;22,23297615;28,63728814;0,242758382;82
Iguape;2013;1345168;68;8055;2269;28980;2559;2129;1855;16,12;3520301;6543;22,57763975;28,16883923;0,235231194;82
Iguape;2014;1681115;68;8714;2424;29031;2607;2235;1813;16,45;3520301;6655;22,92377114;27,81730549;0,232544521;82
Iguape;2015;1050789;66;9282;2544;29082;2655;2343;1772;16,77;3520301;6770;23,2790042;27,40788623;0,225293996;82
Iguape;2016;1050789;;;;29158;2612;2398;1867;17,1;3520301;6877;23,58529392;;;82
Ilha Comprida;2010;87402;54;2658;871;9003;672;503;563;16,43;3520426;1738;19,30467622;32,76899925;0,604465178;
Ilha Comprida;2011;92753;57;3103;994;9129;710;544;564;16,98;3520426;1818;19,914558;32,03351595;0,627341439;
Ilha Comprida;2012;1399076;55;3653;1134;9255;751;587;564;17,58;3520426;1902;20,55105348;31,04297837;0,599243652;
Ilha Comprida;2013;2406320;51;4150;1252;9384;791;632;562;18,17;3520426;1985;21,15302643;30,1686747;0,541560102;
Ilha Comprida;2014;3818605;52;4622;1347;9515;828;682;562;18,78;3520426;2072;21,77614293;29,14322804;0,545349448;
Ilha Comprida;2015;1560831;58;4949;1429;9647;877;734;559;19,37;3520426;2170;22,4940396;28,87452011;0,605784182;
Ilha Comprida;2016;1560831;;;;9774;843;774;602;19,83;3520426;2219;22,70308983;;;
Ilha Solteira;2010;325537;77;12744;4149;25055;2108;2039;1735;14,4;3520442;5882;23,47635203;32,55649718;0,308321692;49
Ilha Solteira;2011;387160;77;13769;4536;25141;2058;2052;1791;14,95;3520442;5901;23,47162006;32,94356889;0,30436339;49
Ilha Solteira;2012;440603;77;14756;4868;25227;2010;2063;1845;15,5;3520442;5918;23,45899235;32,98997018;0,305783486;49
Ilha Solteira;2013;465134;80;15552;5085;25313;1960;2072;1903;16,07;3520442;5935;23,44645044;32,69675926;0,314541935;49
Ilha Solteira;2014;505622;83;16208;5306;25400;1909;2081;1959;16,67;3520442;5949;23,42125984;32,73692004;0,327480315;49
Ilha Solteira;2015;424811;82;16789;5478;25487;1859;2089;2016;17,26;3520442;5964;23,40016479;32,62850676;0,322203476;49
Ilha Solteira;2016;424811;;;;25539;1756;2041;2028;17,86;3520442;5825;22,80825404;;;49
Ilhabela;2010;372952;73;10084;4440;28125;2317;2650;2816;8,31;3520400;7783;27,67288889;44,03014677;0,259022222;43
Ilhabela;2011;829567;77;11398;4915;28684;2373;2630;2835;8,54;3520400;7838;27,32533817;43,12160028;0,267326733;43
Ilhabela;2012;1156934;77;12633;5318;29255;2429;2609;2851;8,79;3520400;7889;26,96633054;42,09609752;0,264399248;43
Ilhabela;2013;3264083;78;13964;5766;29837;2486;2587;2866;9,03;3520400;7939;26,60790294;41,29189344;0,261286322;43
Ilhabela;2014;6772117;71;15051;6249;30431;2541;2563;2882;9,28;3520400;7986;26,24297591;41,51883596;0,231901679;43
Ilhabela;2015;2479131;66;16253;6743;31036;2598;2539;2896;9,54;3520400;8033;25,88284573;41,48772534;0,212044078;43
Ilhabela;2016;2479131;;;;31508;2566;2581;2859;9,85;3520400;8006;25,40941983;;;43
Indaiatuba;2010;7651292;75;124076;35236;201089;16480;18481;19258;10,34;3520509;54219;26,96268816;28,39872336;0,037326756;36
Indaiatuba;2011;8136871;77;135757;37944;205836;16662;18595;19652;10,64;3520509;54909;26,67609165;27,94993997;0,037457005;36
Indaiatuba;2012;9224057;77;145857;39825;210696;16840;18703;20054;10,95;3520509;55597;26,38730683;27,30414036;0,036398413;36
Indaiatuba;2013;10567800;77;155576;41400;215670;17014;18804;20451;11,26;3520509;56269;26,09032318;26,6107883;0,035832522;36
Indaiatuba;2014;12058634;78;163848;42995;220762;17183;18900;20849;11,57;3520509;56932;25,78885859;26,24078414;0,035545067;36
Indaiatuba;2015;9527731;74;169345;44156;225974;17348;18989;21248;11,9;3520509;57585;25,48302017;26,07458148;0,032786958;36
Indaiatuba;2016;9527731;;;;229256;16989;18991;21177;12,29;3520509;57157;24,9315176;;;36
Indiana;2010;39776;69;2067;427;4826;404;431;377;14,9;3520608;1212;25,11396602;20,65795839;1,427890593;17
Indiana;2011;41525;87;2243;459;4821;394;431;383;15,23;3520608;1208;25,05704211;20,46366473;1,812694462;17
Indiana;2012;43869;68;2385;477;4816;387;413;392;15,53;3520608;1192;24,75083056;20;1,408637874;17
Indiana;2013;50929;62;2573;509;4811;378;403;398;15,88;3520608;1179;24,50633964;19,78235523;1,279151943;17
Indiana;2014;56896;57;2699;530;4806;368;396;413;16,21;3520608;1177;24,49022056;19,63690256;1,196004994;17
Indiana;2015;46599;65;2801;534;4801;359;387;410;16,58;3520608;1156;24,07831702;19,06461978;1,34534472;17
Indiana;2016;46599;;;;4796;340;379;411;16,93;3520608;1130;23,56130108;;;17
Indiapora;2010;48933;59;1736;296;3904;288;300;295;18,93;3520707;883;22,61782787;17,05069124;1,515625;
Indiapora;2011;48506;72;1862;328;3897;277;304;293;19,32;3520707;874;22,42750834;17,61546724;1,848858096;
Indiapora;2012;57774;74;2021;356;3890;268;291;294;19,72;3520707;853;21,92802057;17,61504206;1,899485861;
Indiapora;2013;63246;72;2183;367;3883;259;285;293;20,14;3520707;837;21,55549833;16,81172698;1,86376513;
Indiapora;2014;62698;76;2301;395;3876;249;279;292;20,54;3520707;820;21,15583075;17,16644937;1,948142415;
Indiapora;2015;56231;79;2414;433;3869;240;275;285;21,01;3520707;800;20,67717757;17,93703397;2,030757302;
Indiapora;2016;56231;;;;3866;235;266;281;21,6;3520707;782;20,22762545;;;
Inubia Paulista;2010;77988;80;1284;194;3627;277;315;286;14,81;3520806;878;24,20733388;15,10903427;2,205679625;9
Inubia Paulista;2011;84808;73;1381;217;3655;283;316;294;14,97;3520806;893;24,43228454;15,71325127;2,003009576;9
Inubia Paulista;2012;97556;72;1531;242;3684;290;309;304;15,12;3520806;903;24,51140065;15,80666231;1,952497286;9
Inubia Paulista;2013;112606;69;1644;258;3712;295;299;318;15,33;3520806;912;24,56896552;15,69343066;1,867456897;9
Inubia Paulista;2014;117724;77;1734;253;3740;302;293;326;15,56;3520806;921;24,62566845;14,5905421;2,064705882;9
Inubia Paulista;2015;98136;69;1814;270;3769;308;289;328;15,81;3520806;925;24,54231892;14,88423374;1,831254975;9
Inubia Paulista;2016;98136;;;;3793;292;294;328;16,13;3520806;914;24,09702083;;;9
Ipaussu;2010;230949;105;3965;638;13653;1126;1221;1089;12,94;3520905;3436;25,16663004;16,09079445;0,769574453;30
Ipaussu;2011;217788;101;4360;723;13737;1142;1201;1117;13,15;3520905;3460;25,18744995;16,58256881;0,738662008;30
Ipaussu;2012;265446;108;4789;799;13821;1157;1182;1142;13,39;3520905;3481;25,18631069;16,68406766;0,77809131;30
Ipaussu;2013;293652;104;5211;872;13906;1168;1167;1170;13,61;3520905;3505;25,2049475;16,73383228;0,748022436;30
Ipaussu;2014;303088;98;5549;930;13992;1187;1149;1195;13,82;3520905;3531;25,23584906;16,75977654;0,699542596;30
Ipaussu;2015;262185;95;5795;1009;14078;1199;1130;1224;14,06;3520905;3553;25,23795994;17,41156169;0,676658616;30
Ipaussu;2016;262185;;;;14163;1160;1147;1208;14,35;3520905;3515;24,81818824;;;30
Ipero;2010;331074;63;5779;1279;28198;2397;2839;2949;8,26;3521002;8185;29,02688134;22,13185672;0,224980495;5
Ipero;2011;385473;57;6407;1405;28835;2479;2898;3008;8,56;3521002;8385;29,07924397;21,92914;0,198890238;5
Ipero;2012;363625;58;6998;1513;29486;2561;2958;3065;8,87;3521002;8584;29,11212101;21,62046299;0,19700875;5
Ipero;2013;417024;58;7595;1589;30153;2645;3019;3121;9,2;3521002;8785;29,13474613;20,92165899;0,192650814;5
Ipero;2014;438542;55;8157;1698;30835;2731;3078;3178;9,52;3521002;8987;29,1454516;20,81647665;0,179568672;5
Ipero;2015;387148;57;8661;1795;31531;2819;3137;3233;9,87;3521002;9189;29,14274841;20,72508948;0,180330468;5
Ipero;2016;387148;;;;32077;2769;3210;3285;10,2;3521002;9264;28,88050628;;;5
Ipeuna;2010;200670;74;2502;407;6000;556;547;542;10,72;3521101;1645;27,41666667;16,26698641;1,226166667;35
Ipeuna;2011;183409;68;2767;450;6148;561;574;559;10,83;3521101;1694;27,55367599;16,26310083;1,108815875;35
Ipeuna;2012;202777;71;3006;475;6300;566;589;578;11;3521101;1733;27,50793651;15,80172987;1,129047619;35
Ipeuna;2013;555357;66;3277;506;6457;572;607;598;11,17;3521101;1777;27,52052037;15,44095209;1,024779309;35
Ipeuna;2014;588899;59;3481;532;6617;575;632;616;11,36;3521101;1823;27,55024936;15,28296467;0,898745655;35
Ipeuna;2015;346222;62;3708;584;6781;581;644;637;11,58;3521101;1862;27,45907683;15,74973031;0,908125645;35
Ipeuna;2016;346222;;;;6932;581;648;661;11,71;3521101;1890;27,26485863;;;35
Ipigua;2010;51780;68;938;237;4454;350;365;335;15,09;3521150;1050;23,57431522;25,26652452;1,525370454;12
Ipigua;2011;47737;70;1011;248;4534;355;377;350;15,39;3521150;1082;23,86413763;24,53016815;1,554477283;12
Ipigua;2012;50938;67;1133;268;4616;361;382;365;15,75;3521150;1108;24,0034662;23,65401589;1,454506066;12
Ipigua;2013;60618;72;1251;288;4699;365;394;380;16,09;3521150;1139;24,23919983;23,02158273;1,541391785;12
Ipigua;2014;82901;82;1373;301;4784;369;392;403;16,47;3521150;1164;24,33110368;21,9227968;1,712792642;12
Ipigua;2015;58795;79;1463;313;4870;375;399;415;16,84;3521150;1189;24,41478439;21,39439508;1,620123203;12
Ipigua;2016;58795;;;;4940;364;403;426;17,06;3521150;1193;24,14979757;;;12
Iporanga;2010;23715;67;519;124;4301;438;326;328;11,93;3521200;1092;25,38944432;23,89210019;1,561264822;39
Iporanga;2011;25699;65;597;141;4309;447;341;322;12,09;3521200;1110;25,76003713;23,61809045;1,497331167;39
Iporanga;2012;28763;64;691;165;4316;455;360;317;12,3;3521200;1132;26,22798888;23,87843705;1,492354032;39
Iporanga;2013;37240;70;771;184;4324;464;378;312;12,47;3521200;1154;26,68825162;23,86511025;1,62372803;39
Iporanga;2014;39989;66;871;202;4331;472;394;306;12,75;3521200;1172;27,06072501;23,19173364;1,531286077;39
Iporanga;2015;31081;62;914;218;4339;473;412;301;12,93;3521200;1186;27,33348698;23,8512035;1,430283475;39
Iporanga;2016;31081;;;;4353;453;420;316;13,3;3521200;1189;27,31449575;;;39
Ipua;2010;208809;62;4909;984;14127;1179;1377;1388;9,86;3521309;3944;27,91817088;20,04481564;0,436398386;33
Ipua;2011;264174;63;5299;1098;14305;1187;1349;1402;10,11;3521309;3938;27,52883607;20,72089073;0,441803565;33
Ipua;2012;273214;62;5698;1181;14484;1193;1322;1414;10,38;3521309;3929;27,1264844;20,72657073;0,428127589;33
Ipua;2013;276359;57;6090;1268;14666;1199;1295;1425;10,64;3521309;3919;26,72166917;20,82101806;0,389608619;33
Ipua;2014;283320;57;6447;1358;14849;1204;1267;1441;10,95;3521309;3912;26,34520843;21,0640608;0,382180618;33
Ipua;2015;261175;55;6699;1408;15036;1209;1240;1446;11,26;3521309;3895;25,90449588;21,0180624;0,367850492;33
Ipua;2016;261175;;;;15197;1210;1244;1415;11,53;3521309;3869;25,45897217;;;33
Iracemapolis;2010;381531;69;10954;2100;19987;1568;1917;2026;10,37;3521408;5511;27,5729224;19,17107906;0,347075599;27
Iracemapolis;2011;451852;70;11668;2238;20376;1586;1888;2055;10,61;3521408;5529;27,13486455;19,18066507;0,34486651;27
Iracemapolis;2012;489414;68;12384;2403;20774;1604;1857;2077;10,88;3521408;5538;26,6583229;19,40406977;0,328246847;27
Iracemapolis;2013;528247;67;13234;2510;21178;1621;1828;2099;11,15;3521408;5548;26,19699688;18,96629893;0,315941071;27
Iracemapolis;2014;918541;68;13899;2598;21591;1636;1798;2126;11,4;3521408;5560;25,75147052;18,69199223;0,313741837;27
Iracemapolis;2015;553917;64;14368;2694;22012;1651;1769;2147;11,69;3521408;5567;25,2907505;18,75;0,290432491;27
Iracemapolis;2016;553917;;;;22331;1627;1778;2107;12,1;3521408;5512;24,68317585;;;27
Irapua;2010;73950;64;2451;368;7270;565;732;680;13,11;3521507;1977;27,19394773;15,01427989;0,881568088;19
Irapua;2011;80797;65;2628;398;7318;562;703;695;13,46;3521507;1960;26,78327412;15,14459665;0,892730254;19
Irapua;2012;88320;67;2865;436;7368;560;670;715;13,86;3521507;1945;26,39793702;15,21815009;0,914495114;19
Irapua;2013;97386;69;3111;475;7417;558;641;728;14,26;3521507;1927;25,98085479;15,26840244;0,925171902;19
Irapua;2014;106361;70;3268;487;7467;554;611;743;14,65;3521507;1908;25,5524307;14,90208078;0,940806214;19
Irapua;2015;89363;61;3405;511;7517;550;584;754;15,1;3521507;1888;25,11640282;15,00734214;0,814553678;19
Irapua;2016;89363;;;;7560;534;581;724;15,49;3521507;1839;24,32539683;;;19
Irapuru;2010;66006;62;2223;316;7786;614;787;851;16,36;3521606;2252;28,92370922;14,21502474;0,800924737;21
Irapuru;2011;72048;57;2386;347;7737;603;789;865;16,67;3521606;2257;29,17151351;14,54316848;0,741243376;21
Irapuru;2012;66967;63;2556;385;7689;595;792;864;17,06;3521606;2251;29,2755885;15,06259781;0,816230979;21
Irapuru;2013;70983;63;2705;423;7641;584;793;877;17,38;3521606;2254;29,49875671;15,63770795;0,825546394;21
Irapuru;2014;75028;64;2877;454;7593;573;794;879;17,78;3521606;2246;29,5798762;15,78032673;0,840379297;21
Irapuru;2015;70206;59;2995;460;7544;563;794;879;18,19;3521606;2236;29,63944857;15,35893155;0,776511135;21
Irapuru;2016;70206;;;;7502;538;786;888;18,48;3521606;2212;29,48547054;;;21
Itabera;2010;199840;60;4358;1058;17867;1630;1380;1420;12,32;3521705;4430;24,79431354;24,27719137;0,335143001;129
Itabera;2011;189515;61;4885;1205;17829;1645;1409;1389;12,73;3521705;4443;24,92007404;24,66734903;0,3421953;129
Itabera;2012;297216;62;5439;1356;17791;1658;1436;1358;13,15;3521705;4452;25,02388848;24,9310535;0,34691698;129
Itabera;2013;288576;67;5973;1447;17754;1670;1463;1326;13,57;3521705;4459;25,11546694;24,22568224;0,378111975;129
Itabera;2014;330844;68;6435;1541;17715;1679;1491;1294;14,01;3521705;4464;25,19898391;23,94716395;0,385718318;129
Itabera;2015;261198;63;6826;1627;17678;1691;1517;1263;14,43;3521705;4471;25,29132255;23,83533548;0,355526643;129
Itabera;2016;261198;;;;17665;1589;1536;1294;14,89;3521705;4419;25,01556751;;;129
Itai;2010;308174;60;8248;1240;23982;1913;2007;2154;10,24;3521804;6074;25,32732883;15,03394762;0,248311233;82
Itai;2011;342608;62;8956;1340;24233;1952;2025;2157;10,51;3521804;6134;25,31259027;14,96203662;0,256550984;82
Itai;2012;387808;65;9804;1477;24485;1990;2043;2163;10,81;3521804;6196;25,30528895;15,06527948;0,264161732;82
Itai;2013;436716;58;10656;1565;24741;2028;2059;2165;11,12;3521804;6252;25,26979508;14,68656156;0,2338224;82
Itai;2014;464036;60;11303;1616;25000;2067;2075;2169;11,42;3521804;6311;25,244;14,29708927;0,24084;82
Itai;2015;387868;51;11859;1715;25260;2104;2091;2171;11,76;3521804;6366;25,20190024;14,46159035;0,202375297;82
Itai;2016;387868;;;;25505;2051;2128;2187;12,07;3521804;6366;24,9598118;;;82
Itajobi;2010;240782;70;7498;1380;14553;1079;1204;1139;17,16;3521903;3422;23,51405209;18,40490798;0,48381777;23
Itajobi;2011;256458;68;8111;1494;14566;1059;1178;1152;17,57;3521903;3389;23,26651105;18,4194304;0,469518056;23
Itajobi;2012;299094;67;8664;1625;14580;1037;1151;1158;18,02;3521903;3346;22,94924554;18,75577101;0,462894376;23
Itajobi;2013;395822;65;9305;1740;14593;1016;1124;1168;18,47;3521903;3308;22,66840266;18,69962386;0,448776811;23
Itajobi;2014;434905;63;9778;1828;14607;995;1098;1188;18,91;3521903;3281;22,46183337;18,69502966;0,434038475;23
Itajobi;2015;325412;67;10216;1898;14620;974;1072;1196;19,37;3521903;3242;22,1751026;18,57870008;0,458823529;23
Itajobi;2016;325412;;;;14619;939;1053;1171;19,84;3521903;3163;21,63622683;;;23
Itaju;2010;47221;70;926;108;3240;258;307;298;13,83;3522000;863;26,63580247;11,66306695;2,158333333;16
Itaju;2011;60482;72;1062;127;3284;266;302;312;14,19;3522000;880;26,79658952;11,95856874;2,197015834;16
Itaju;2012;52710;62;1152;148;3328;274;299;319;14,57;3522000;892;26,80288462;12,84722222;1,854867788;16
Itaju;2013;50937;66;1231;146;3373;283;297;325;14,94;3522000;905;26,8307145;11,8602762;1,970649274;16
Itaju;2014;63164;68;1271;154;3419;291;292;336;15,38;3522000;919;26,87920445;12,11644375;1,983620942;16
Itaju;2015;54903;72;1318;162;3465;298;288;339;15,82;3522000;925;26,6955267;12,29135053;2,063780664;16
Itaju;2016;54903;;;;3502;290;295;339;16,05;3522000;924;26,3849229;;;16
Itanhaem;2010;869873;70;23684;7029;86919;7106;6194;6292;14,6;3522109;19592;22,54052624;29,67826381;0,080396691;34
Itanhaem;2011;960415;70;26680;7727;88094;7337;6457;6371;14,9;3522109;20165;22,8903217;28,96176912;0,079460576;34
Itanhaem;2012;1099045;74;29865;8391;89285;7573;6728;6449;15,21;3522109;20750;23,24018592;28,09643395;0,082779862;34
Itanhaem;2013;1318124;76;33070;9077;90492;7811;7008;6525;15,51;3522109;21344;23,58661539;27,44783792;0,084515758;34
Itanhaem;2014;1434501;76;35536;9674;91716;8058;7298;6599;15,82;3522109;21955;23,93802608;27,2230977;0,083126172;34
Itanhaem;2015;1136392;74;37926;10196;92956;8307;7596;6674;16,14;3522109;22577;24,2878351;26,88393187;0,079220276;34
Itanhaem;2016;1136392;;;;94088;8107;7820;6935;16,37;3522109;22862;24,29852904;;;34
Itaoca;2010;18788;83;445;160;3228;289;182;195;15,61;3522158;666;20,63197026;35,95505618;2,559789343;
Itaoca;2011;24563;87;519;189;3219;308;199;190;15,75;3522158;697;21,65268717;36,41618497;2,716371544;
Itaoca;2012;25739;92;567;207;3211;326;217;185;16,07;3522158;728;22,67206478;36,50793651;2,856119589;
Itaoca;2013;30391;85;655;241;3203;342;235;180;16,27;3522158;757;23,63409304;36,79389313;2,650952232;
Itaoca;2014;32262;71;749;280;3195;368;254;173;16,34;3522158;795;24,88262911;37,38317757;2,225665102;
Itaoca;2015;26349;70;796;305;3186;383;274;168;16,48;3522158;825;25,89453861;38,31658291;2,210608914;
Itaoca;2016;26349;;;;3186;354;293;184;16,92;3522158;831;26,08286252;;;
Itapecerica da Serra;2010;2366613;80;46214;8605;152407;13756;14460;14868;7,05;3522208;43084;28,26904276;18,61989873;0,052399168;53
Itapecerica da Serra;2011;2598926;77;53532;10216;154140;14000;14496;14727;7,36;3522208;43223;28,04139094;19,08391243;0,049831322;53
Itapecerica da Serra;2012;2635127;75;60433;11569;155893;14242;14523;14576;7,68;3522208;43341;27,80176146;19,14351431;0,04842424;53
Itapecerica da Serra;2013;2772350;77;66013;12595;157666;14478;14543;14424;8,02;3522208;43445;27,5550848;19,07957524;0,049015006;53
Itapecerica da Serra;2014;2943707;80;69296;13285;159457;14714;14555;14261;8,37;3522208;43530;27,29889563;19,17138074;0,050239249;53
Itapecerica da Serra;2015;2663345;78;71458;13757;161271;14940;14559;14094;8,73;3522208;43593;27,0308983;19,25186823;0,048148768;53
Itapecerica da Serra;2016;2663345;;;;162907;14468;14806;14135;9,11;3522208;43409;26,64649156;;;53
Itapetininga;2010;2574007;73;62764;19107;144209;12507;12964;13147;11,19;3522307;38618;26,77918854;30,44261041;0,050530827;171
Itapetininga;2011;2976884;73;68528;20793;145798;12623;13159;13196;11,45;3522307;38978;26,73424876;30,34234182;0,049925239;171
Itapetininga;2012;3124120;71;74052;22266;147403;12735;13354;13242;11,71;3522307;39331;26,68263197;30,06806028;0,048384361;171
Itapetininga;2013;3566470;73;79138;23511;149027;12845;13545;13283;11,97;3522307;39673;26,62135049;29,708863;0,048756266;171
Itapetininga;2014;3935738;71;84453;24783;150668;12952;13735;13322;12,24;3522307;40009;26,55441102;29,34531633;0,046964186;171
Itapetininga;2015;3235444;70;88377;25778;152329;13056;13923;13354;12,52;3522307;40333;26,47755844;29,1682225;0,045848131;171
Itapetininga;2016;3235444;;;;153861;12769;14029;13540;12,88;3522307;40338;26,21717004;;;171
Itapeva;2010;1175017;75;37299;9640;87711;8218;7418;7334;10,36;3522406;22970;26,18827741;25,84519692;0,085428282;90
Itapeva;2011;1328120;77;41128;11013;88081;8274;7523;7293;10,62;3522406;23090;26,2145071;26,77737794;0,08776013;90
Itapeva;2012;1498083;77;44810;11983;88451;8327;7626;7248;10,89;3522406;23201;26,23034222;26,74179871;0,086997321;90
Itapeva;2013;1768100;75;48650;12807;88823;8374;7728;7202;11,16;3522406;23304;26,23644777;26,32476876;0,084831631;90
Itapeva;2014;1995532;76;52103;13723;89196;8423;7826;7152;11,43;3522406;23401;26,23548141;26,33821469;0,085115924;90
Itapeva;2015;1552970;68;54634;14422;89572;8465;7925;7099;11,71;3522406;23489;26,22359666;26,39748142;0,075693297;90
Itapeva;2016;1552970;;;;89992;8179;7993;7217;12,05;3522406;23389;25,99008801;;;90
Itapevi;2010;5220158;70;54621;12317;200415;19044;18826;19139;6,39;3522505;57009;28,44547564;22,54993501;0,034887608;31
Itapevi;2011;5916312;72;61905;14166;203974;19465;19078;19301;6,66;3522505;57844;28,35851628;22,88345045;0,035185857;31
Itapevi;2012;7088169;71;69741;15585;207596;19883;19323;19453;6,94;3522505;58659;28,25632478;22,3469695;0,034388909;31
Itapevi;2013;7852450;72;76767;16742;211282;20306;19561;19597;7,23;3522505;59464;28,14437576;21,80885016;0,034087144;31
Itapevi;2014;8867669;73;82675;17744;215034;20718;19793;19734;7,53;3522505;60245;28,01649972;21,46235259;0,034003925;31
Itapevi;2015;6988952;65;87178;18744;218853;21137;20017;19861;7,84;3522505;61015;27,87944419;21,50083737;0,029741425;31
Itapevi;2016;6988952;;;;222501;20635;20450;20132;8,19;3522505;61217;27,51313477;;;31
Itapira;2010;1924254;76;39644;12732;68492;5567;5791;5897;14,3;3522604;17255;25,19272324;32,11583089;0,111443672;70
Itapira;2011;2177232;78;42412;13873;68857;5492;5790;5923;14,64;3522604;17205;24,98656636;32,71008205;0,112711852;70
Itapira;2012;2401819;77;45110;14823;69226;5415;5786;5950;14,99;3522604;17151;24,77537341;32,85967635;0,111200994;70
Itapira;2013;2678366;77;47473;15353;69596;5336;5779;5972;15,35;3522604;17087;24,55169837;32,34048828;0,110954653;70
Itapira;2014;2989267;78;49681;15794;69967;5256;5770;5987;15,71;3522604;17013;24,31574885;31,79082547;0,111252448;70
Itapira;2015;2434188;75;51375;16224;70341;5177;5759;6005;16,07;3522604;16941;24,08410458;31,57956204;0,107049942;70
Itapira;2016;2434188;;;;70571;4945;5662;5981;16,55;3522604;16588;23,5054059;;;70
Itapirapua Paulista;2010;19686;76;591;190;3877;382;301;295;11,4;3522653;978;25,22568997;32,14890017;1,969306165;
Itapirapua Paulista;2011;21809;72;683;235;3903;395;315;294;11,45;3522653;1004;25,7238022;34,40702782;1,856776838;
Itapirapua Paulista;2012;25048;66;766;275;3928;406;328;293;11,56;3522653;1027;26,14562118;35,90078329;1,687118126;
Itapirapua Paulista;2013;27508;68;860;306;3954;417;341;291;11,71;3522653;1049;26,53009611;35,58139535;1,719018715;
Itapirapua Paulista;2014;30183;69;994;351;3980;435;355;288;11,86;3522653;1078;27,08542714;35,31187123;1,725125628;
Itapirapua Paulista;2015;24847;74;1105;376;4006;440;368;287;12,11;3522653;1095;27,333999;34,02714932;1,834997504;
Itapirapua Paulista;2016;24847;;;;4040;441;380;300;12,28;3522653;1121;27,74752475;;;
Itapolis;2010;850560;71;22037;4315;40031;3195;3459;3425;14,86;3522703;10079;25,17798706;19,58070518;0,177437486;51
Itapolis;2011;1043624;72;23785;4619;40191;3139;3413;3441;15,14;3522703;9993;24,86377547;19,4198024;0,17842303;51
Itapolis;2012;1174686;68;25591;4974;40352;3085;3368;3455;15,4;3522703;9908;24,55392546;19,43652065;0,16799663;51
Itapolis;2013;1168562;69;26986;5260;40513;3029;3323;3473;15,67;3522703;9825;24,25147484;19,49158823;0,169328364;51
Itapolis;2014;1167132;73;28349;5535;40674;2973;3276;3484;15,94;3522703;9733;23,92929144;19,52449822;0,179229975;51
Itapolis;2015;1080913;64;29332;5807;40837;2918;3230;3498;16,21;3522703;9646;23,6207361;19,7974908;0,15703896;51
Itapolis;2016;1080913;;;;40978;2843;3174;3452;16,6;3522703;9469;23,10752111;;;51
Itaporanga;2010;107650;66;4509;1087;14547;1171;1075;1175;14,09;3522802;3421;23,51687633;24,10734087;0,453495566;33
Itaporanga;2011;121952;66;4894;1168;14558;1184;1084;1142;14,43;3522802;3410;23,42354719;23,86595832;0,452534689;33
Itaporanga;2012;139874;63;5416;1252;14568;1196;1092;1109;14,82;3522802;3397;23,31823174;23,11669129;0,429022515;33
Itaporanga;2013;154566;65;5889;1306;14579;1206;1102;1077;15,19;3522802;3385;23,21832773;22,17694006;0,447561561;33
Itaporanga;2014;171926;67;6261;1348;14589;1226;1109;1045;15,58;3522802;3380;23,16814038;21,53010701;0,457879224;33
Itaporanga;2015;139194;65;6609;1441;14600;1231;1116;1015;15,98;3522802;3362;23,02739726;21,80360115;0,44739726;33
Itaporanga;2016;139194;;;;14617;1209;1131;1024;16,41;3522802;3364;23,01429842;;;33
Itapui;2010;298928;56;4611;908;12157;1019;1092;1080;12;3522901;3191;26,24825204;19,69204077;0,460310932;13
Itapui;2011;354714;54;4877;989;12324;1021;1097;1102;12,21;3522901;3220;26,12788056;20,27885995;0,43865628;13
Itapui;2012;422143;58;5113;1059;12492;1022;1102;1124;12,43;3522901;3248;26,00064041;20,71191082;0,461415306;13
Itapui;2013;428875;58;5511;1132;12664;1024;1105;1148;12,68;3522901;3277;25,87650032;20,54073671;0,460912824;13
Itapui;2014;439636;51;5865;1226;12837;1026;1110;1171;12,94;3522901;3307;25,76147075;20,90366581;0,399781881;13
Itapui;2015;388859;47;6123;1296;13013;1028;1114;1194;13,21;3522901;3336;25,63590256;21,16609505;0,360639361;13
Itapui;2016;388859;;;;13163;1012;1112;1196;13,55;3522901;3320;25,22221378;;;13
Itapura;2010;56901;51;829;210;4352;396;354;337;12,71;3523008;1087;24,97702206;25,33172497;1,16796875;24
Itapura;2011;82104;57;953;234;4408;401;367;346;13,04;3523008;1114;25,2722323;24,55403987;1,28561706;24
Itapura;2012;67150;52;1085;242;4465;403;382;356;13,33;3523008;1141;25,55431131;22,30414747;1,170884658;24
Itapura;2013;70652;49;1212;252;4522;392;406;366;13,69;3523008;1164;25,74082264;20,79207921;1,081822203;24
Itapura;2014;66549;62;1295;264;4581;391;419;375;14,06;3523008;1185;25,86771447;20,38610039;1,353634578;24
Itapura;2015;68671;63;1360;264;4640;390;428;386;14,46;3523008;1204;25,94827586;19,41176471;1,367241379;24
Itapura;2016;68671;;;;4694;380;433;399;14,78;3523008;1212;25,82019599;;;24
Itaquaquecetuba;2010;3222392;66;61865;12477;321329;31092;30303;29363;6,15;3523107;90758;28,24457176;20,16810798;0,02054592;40
Itaquaquecetuba;2011;3688565;67;73515;14385;326078;31707;30651;29744;6,47;3523107;92102;28,24538914;19,56743522;0,020458295;40
Itaquaquecetuba;2012;4071385;68;84989;15835;330897;32317;30986;30114;6,8;3523107;93417;28,23144362;18,63182294;0,020498826;40
Itaquaquecetuba;2013;4878906;68;95181;16979;335787;32921;31307;30472;7,15;3523107;94700;28,20240212;17,83864427;0,02037899;40
Itaquaquecetuba;2014;5742348;70;102007;17800;340751;33516;31616;30816;7,51;3523107;95948;28,15780438;17,44978286;0,020572207;40
Itaquaquecetuba;2015;4320719;69;106547;18312;345787;34104;31909;31147;7,89;3523107;97160;28,09822232;17,18678142;0,019896642;40
Itaquaquecetuba;2016;4320719;;;;350610;33226;32534;31514;8,3;3523107;97274;27,74421722;;;40
Itarare;2010;487568;68;14935;3632;47922;4533;3984;3845;11,78;3523206;12362;25,79608531;24,31871443;0,142168524;69
Itarare;2011;534167;67;16805;4197;48012;4530;4057;3835;12,07;3523206;12422;25,87269849;24,97470991;0,140069149;69
Itarare;2012;574374;66;18266;4522;48103;4531;4129;3822;12,37;3523206;12482;25,94848554;24,75637797;0,137309523;69
Itarare;2013;670052;67;19526;4706;48195;4527;4200;3808;12,68;3523206;12535;26,00892209;24,1011984;0,138728084;69
Itarare;2014;715153;67;20501;4870;48285;4517;4271;3796;12,99;3523206;12584;26,06192399;23,75493878;0,139505022;69
Itarare;2015;596263;65;21529;5072;48377;4510;4341;3779;13,3;3523206;12630;26,10744775;23,55892053;0,135043512;69
Itarare;2016;596263;;;;48504;4335;4347;3858;13,68;3523206;12540;25,85353785;;;69
Itariri;2010;108959;43;2537;588;15455;1531;1160;1204;11,59;3523305;3895;25,20219994;23,17698069;0,278162407;28
Itariri;2011;117398;45;2772;654;15632;1571;1238;1208;11,76;3523305;4017;25,69728762;23,59307359;0,285120266;28
Itariri;2012;129829;46;3110;711;15811;1609;1320;1213;11,99;3523305;4142;26,19695149;22,86173633;0,292581114;28
Itariri;2013;176973;46;3383;759;15992;1648;1404;1214;12,18;3523305;4266;26,67583792;22,43570795;0,287706353;28
Itariri;2014;201028;46;3676;811;16174;1695;1493;1215;12,32;3523305;4403;27,2227031;22,06202394;0,283665142;28
Itariri;2015;146837;45;3856;855;16360;1730;1588;1215;12,52;3523305;4533;27,70782396;22,17323651;0,276528117;28
Itariri;2016;146837;;;;16538;1679;1625;1291;12,8;3523305;4595;27,78449631;;;28
Itatiba;2010;3394630;74;56114;9933;101283;7928;9335;9608;11,21;3523404;26871;26,53061224;17,70146488;0,07316134;79
Itatiba;2011;3796003;73;61289;11019;103037;8038;9246;9767;11,49;3523404;27051;26,25367586;17,97875638;0,071032736;79
Itatiba;2012;3921298;73;66052;11818;104822;8146;9155;9923;11,78;3523404;27224;25,97164717;17,89196391;0,069584629;79
Itatiba;2013;4556482;74;70204;12456;106638;8253;9061;10080;12,07;3523404;27394;25,68877886;17,74257877;0,06980626;79
Itatiba;2014;5147533;75;73402;12908;108484;8356;8967;10232;12,37;3523404;27555;25,40005899;17,5853519;0,069153055;79
Itatiba;2015;4163189;72;75518;13246;110364;8460;8867;10385;12,67;3523404;27712;25,1096372;17,54018909;0,064966837;79
Itatiba;2016;4163189;;;;111835;8286;8943;10260;13,06;3523404;27489;24,57996155;;;79
Itatinga;2010;182573;52;5359;939;18029;1690;1718;1612;9,38;3523503;5020;27,84402906;17,52192573;0,288867935;50
Itatinga;2011;201703;52;5960;1090;18273;1695;1722;1642;9,56;3523503;5059;27,68565643;18,2885906;0,283095277;50
Itatinga;2012;195148;48;6490;1203;18520;1699;1724;1672;9,73;3523503;5095;27,51079914;18,53620955;0,260367171;50
Itatinga;2013;199576;53;7020;1261;18770;1703;1728;1701;9,91;3523503;5132;27,3415024;17,96296296;0,282152371;50
Itatinga;2014;246969;51;7465;1296;19024;1708;1729;1731;10,11;3523503;5168;27,16568545;17,36101808;0,269028595;50
Itatinga;2015;205194;47;7821;1352;19281;1713;1731;1761;10,31;3523503;5205;26,99548779;17,28679197;0,244230071;50
Itatinga;2016;205194;;;;19528;1678;1736;1763;10,6;3523503;5177;26,51065137;;;50
Itirapina;2010;339110;58;5441;1104;15499;1397;1912;1789;10,16;3523602;5098;32,89244467;20,2903878;0,371894961;48
Itirapina;2011;317487;59;5903;1204;15669;1360;1955;1820;10,32;3523602;5135;32,77171485;20,39640861;0,376603485;48
Itirapina;2012;278331;64;6389;1295;15842;1323;1988;1848;10,49;3523602;5159;32,56533266;20,26921271;0,400896351;48
Itirapina;2013;297670;57;6914;1373;16016;1287;2026;1878;10,67;3523602;5191;32,41133866;19,85825861;0,358329171;48
Itirapina;2014;329454;60;7434;1458;16191;1251;2070;1906;10,85;3523602;5227;32,2833673;19,6125908;0,372614415;48
Itirapina;2015;312410;63;7757;1520;16370;1217;2102;1936;11,03;3523602;5255;32,10140501;19,59520433;0,383323152;48
Itirapina;2016;312410;;;;16524;1204;2066;1970;11,25;3523602;5240;31,71145001;;;48
Itirapua;2010;44491;55;1614;259;5910;548;486;451;12,62;3523701;1485;25,12690355;16,04708798;0,9321489;14
Itirapua;2011;46408;61;1809;294;5947;557;497;458;12,95;3523701;1512;25,42458382;16,25207297;1,021859761;14
Itirapua;2012;69487;57;2030;332;5983;555;511;465;13,27;3523701;1531;25,58916931;16,3546798;0,950192211;14
Itirapua;2013;65060;54;2194;365;6020;564;523;471;13,6;3523701;1558;25,88039867;16,63628077;0,899003322;14
Itirapua;2014;78262;59;2370;385;6057;563;535;478;13,98;3523701;1576;26,01948159;16,24472574;0,969952122;14
Itirapua;2015;60742;62;2519;413;6094;559;547;485;14,36;3523701;1591;26,10764687;16,395395;1,023137512;14
Itirapua;2016;60742;;;;6131;544;556;496;14,6;3523701;1596;26,03164247;;;14
Itobi;2010;53999;44;2554;665;7545;649;718;657;12,7;3523800;2024;26,82571239;26,0375881;0,580914513;6
Itobi;2011;62237;49;2767;738;7551;638;708;666;13,04;3523800;2012;26,64547742;26,67148536;0,651569329;6
Itobi;2012;79038;48;3015;791;7558;626;681;675;13,42;3523800;1982;26,22386875;26,23548922;0,632839375;6
Itobi;2013;88289;48;3300;879;7565;614;668;684;13,81;3523800;1966;25,98810311;26,63636364;0,627891606;6
Itobi;2014;97251;55;3528;915;7572;601;649;700;14,2;3523800;1950;25,75277338;25,93537415;0,727416799;6
Itobi;2015;76163;56;3761;986;7578;589;633;698;14,59;3523800;1920;25,3365004;26,2164318;0,733966746;6
Itobi;2016;76163;;;;7584;572;621;692;15,08;3523800;1885;24,85495781;;;6
Itu;2010;4633757;76;86443;18237;153980;12915;13710;14218;10,67;3523909;40843;26,52487336;21,09713916;0,049344071;124
Itu;2011;5603646;77;94157;20704;155611;12933;13638;14213;10,96;3523909;40784;26,2089441;21,98880593;0,049745841;124
Itu;2012;6110210;76;100869;22046;157259;12945;13561;14201;11,24;3523909;40707;25,88532294;21,85607075;0,048219816;124
Itu;2013;7159752;77;106813;23431;158925;12951;13479;14188;11,54;3523909;40618;25,55796759;21,93646841;0,048161082;124
Itu;2014;7551445;77;111317;24259;160608;12954;13392;14165;11,84;3523909;40511;25,2235256;21,79271809;0,048247908;124
Itu;2015;6211762;77;114206;24702;162309;12950;13300;14138;12,15;3523909;40388;24,88340141;21,62933646;0,047680658;124
Itu;2016;6211762;;;;163775;12545;13300;14047;12,56;3523909;39892;24,35780797;;;124
Itupeva;2010;2304036;71;19804;3639;44658;3706;4296;4575;7,79;3524006;12577;28,16292714;18,37507574;0,159501097;21
Itupeva;2011;2460666;72;22112;4190;46080;3817;4317;4672;8,05;3524006;12806;27,79079861;18,94898698;0,157074653;21
Itupeva;2012;2772567;72;24444;4566;47547;3929;4337;4764;8,33;3524006;13030;27,40446295;18,67943054;0,151660462;21
Itupeva;2013;3190414;72;27292;4865;49061;4043;4355;4859;8,6;3524006;13257;27,02146308;17,82573648;0,147122969;21
Itupeva;2014;3545947;73;29985;5212;50622;4159;4374;4954;8,88;3524006;13487;26,64256647;17,38202435;0,14477895;21
Itupeva;2015;2854726;70;32083;5439;52234;4276;4389;5049;9,18;3524006;13714;26,25492974;16,95290341;0,134299498;21
Itupeva;2016;2854726;;;;53551;4260;4485;5052;9,51;3524006;13797;25,76422476;;;21
Ituverava;2010;629152;69;18542;4716;38674;3078;3178;3412;14,25;3524105;9668;24,99870714;25,4341495;0,177716295;50
Ituverava;2011;741101;75;19832;5113;38848;3078;3160;3365;14,59;3524105;9603;24,71941928;25,78156515;0,192210667;50
Ituverava;2012;857082;74;21247;5458;39022;3078;3139;3314;14,94;3524105;9531;24,42468351;25,68833247;0,190021014;50
Ituverava;2013;1017538;75;22567;5816;39197;3076;3118;3267;15,29;3524105;9461;24,1370513;25,77214517;0,191902442;50
Ituverava;2014;1089411;73;23536;6110;39373;3071;3094;3217;15,66;3524105;9382;23,82851192;25,96023114;0,184898281;50
Ituverava;2015;866857;69;24535;6338;39550;3068;3071;3167;16,01;3524105;9306;23,52970923;25,83248421;0,175018963;50
Ituverava;2016;866857;;;;39688;2953;3071;3148;16,46;3524105;9172;23,11026003;;;50
Jaborandi;2010;105625;66;2164;628;6591;561;654;599;13,41;3524204;1814;27,522379;29,02033272;0,997420725;14
Jaborandi;2011;96941;56;2395;712;6602;541;639;604;13,66;3524204;1784;27,02211451;29,72860125;0,849591033;14
Jaborandi;2012;107168;46;2664;784;6612;523;607;607;13,9;3524204;1737;26,27041742;29,42942943;0,693738657;14
Jaborandi;2013;119923;45;2914;844;6623;506;584;614;14,18;3524204;1704;25,72852182;28,96362388;0,680658312;14
Jaborandi;2014;114492;56;3122;912;6633;487;560;628;14,5;3524204;1675;25,25252525;29,21204356;0,84637419;14
Jaborandi;2015;108830;51;3327;990;6644;471;538;626;14,83;3524204;1635;24,60866948;29,75653742;0,760686334;14
Jaborandi;2016;108830;;;;6651;462;520;612;15,2;3524204;1594;23,96632085;;;14
Jaboticabal;2010;1637691;76;41185;10607;71625;5754;6299;6286;13,72;3524303;18339;25,60418848;25,75452228;0,105801047;109
Jaboticabal;2011;1857528;77;43871;11696;71916;5666;6187;6288;14,08;3524303;18141;25,22526281;26,6599804;0,107528227;109
Jaboticabal;2012;2014068;78;47073;12707;72208;5576;6074;6291;14,44;3524303;17941;24,84627742;26,99424298;0,108699867;109
Jaboticabal;2013;2113079;82;49766;13485;72501;5486;5962;6290;14,8;3524303;17738;24,46586944;27,09681309;0,112908787;109
Jaboticabal;2014;2324572;81;51861;14024;72796;5395;5849;6283;15,17;3524303;17527;24,07687236;27,04151482;0,111077532;109
Jaboticabal;2015;1989388;80;53259;14345;73091;5304;5737;6278;15,55;3524303;17319;23,69511978;26,93441484;0,110054589;109
Jaboticabal;2016;1989388;;;;73315;5183;5649;6168;16,02;3524303;17000;23,18761509;;;109
Jacarei;2010;6682819;73;94692;17362;211040;17055;17493;18303;11,02;3524402;52851;25,04311979;18,33523423;0,034652199;127
Jacarei;2011;7323540;75;101881;18692;212822;17160;17407;18138;11,42;3524402;52705;24,76482694;18,34689491;0,035325295;127
Jacarei;2012;7652041;79;108149;19641;214619;17259;17315;17968;11,83;3524402;52542;24,48152307;18,16105558;0,036641677;127
Jacarei;2013;8390721;79;114067;20334;216432;17351;17218;17794;12,26;3524402;52363;24,19374215;17,82636521;0,036607341;127
Jacarei;2014;9414193;78;119392;21098;218260;17436;17114;17613;12,69;3524402;52163;23,89947769;17,67120075;0,035952534;127
Jacarei;2015;7892663;76;124024;21781;220103;17515;17004;17427;13,14;3524402;51946;23,60076873;17,5619235;0,034502029;127
Jacarei;2016;7892663;;;;221650;17004;17110;17344;13,6;3524402;51458;23,21588089;;;127
Jaci;2010;246362;70;2432;502;5642;449;514;553;10,51;3524501;1516;26,86990429;20,64144737;1,244062389;12
Jaci;2011;279160;64;2771;573;5776;459;517;567;10,72;3524501;1543;26,71398892;20,67845543;1,111668975;12
Jaci;2012;299934;73;3101;664;5913;471;520;576;10,94;3524501;1567;26,50093015;21,4124476;1,22712667;12
Jaci;2013;306988;76;3278;685;6053;481;522;587;11,2;3524501;1590;26,2679663;20,89688835;1,249297869;12
Jaci;2014;324610;69;3505;732;6197;491;523;590;11,47;3524501;1604;25,88349201;20,88445078;1,107632726;12
Jaci;2015;291411;64;3642;756;6344;502;526;599;11,73;3524501;1627;25,64627995;20,75782537;1,011349306;12
Jaci;2016;291411;;;;6464;490;535;600;12,07;3524501;1625;25,13923267;;;12
Jacupiranga;2010;274930;66;5286;1300;17207;1605;1288;1310;11,82;3524600;4203;24,42610565;24,59326523;0,385308305;62
Jacupiranga;2011;246788;65;5737;1438;17197;1619;1331;1287;12,14;3524600;4237;24,63801826;25,06536517;0,379891842;62
Jacupiranga;2012;283796;66;6280;1591;17186;1633;1374;1263;12,5;3524600;4270;24,84580472;25,3343949;0,384789945;62
Jacupiranga;2013;275123;59;6751;1702;17176;1644;1419;1239;12,84;3524600;4302;25,04657662;25,21107984;0,342687471;62
Jacupiranga;2014;341162;59;7164;1795;17165;1654;1464;1215;13,17;3524600;4333;25,2432275;25,05583473;0,345703466;62
Jacupiranga;2015;284360;55;7541;1862;17155;1666;1509;1190;13,54;3524600;4365;25,44447683;24,69168545;0,321655494;62
Jacupiranga;2016;284360;;;;17169;1601;1526;1236;13,89;3524600;4363;25,41207991;;;62
Jaguariuna;2010;4104913;69;26597;7229;44162;3540;4127;4344;10,64;3524709;12011;27,19759069;27,17975712;0,156537295;30
Jaguariuna;2011;4290063;69;28597;7823;45342;3611;4132;4436;10,84;3524709;12179;26,86030612;27,35601637;0,151404878;30
Jaguariuna;2012;4166854;74;30637;8264;46553;3684;4136;4521;11,06;3524709;12341;26,50956974;26,97392042;0,158099371;30
Jaguariuna;2013;5784633;74;33164;8657;47798;3757;4137;4611;11,27;3524709;12505;26,16218252;26,10360632;0,154964643;30
Jaguariuna;2014;6821447;75;35312;9097;49074;3828;4138;4704;11,48;3524709;12670;25,81815218;25,7617807;0,153706647;30
Jaguariuna;2015;5033582;75;36707;9436;50386;3901;4138;4793;11,7;3524709;12832;25,46739174;25,70626856;0,149247807;30
Jaguariuna;2016;5033582;;;;51248;3805;4175;4760;12,02;3524709;12740;24,85950671;;;30
Jales;2010;748345;90;31579;10913;47005;3507;3667;3795;15,96;3524808;10969;23,33581534;34,55777574;0,191426444;70
Jales;2011;806833;85;33790;11599;47038;3455;3623;3756;16,4;3524808;10834;23,03244186;34,32672388;0,179960883;70
Jales;2012;917211;92;35894;12306;47071;3402;3580;3712;16,84;3524808;10694;22,71887149;34,2842815;0,195088271;70
Jales;2013;1059945;91;38022;12920;47104;3347;3535;3674;17,29;3524808;10556;22,40998641;33,98032718;0,192340353;70
Jales;2014;1094150;91;39918;13522;47137;3293;3489;3632;17,74;3524808;10414;22,09304792;33,87444261;0,193139148;70
Jales;2015;925297;89;41411;14036;47170;3238;3442;3588;18,21;3524808;10268;21,76807293;33,89437589;0,187788849;70
Jales;2016;925297;;;;47187;3095;3396;3553;18,73;3524808;10044;21,28552356;;;70
Jambeiro;2010;203380;58;1377;179;5336;460;447;468;11,86;3524907;1375;25,76836582;12,99927378;1,089205397;31
Jambeiro;2011;226602;58;1536;205;5434;466;459;479;12,11;3524907;1404;25,83732057;13,34635417;1,071218255;31
Jambeiro;2012;252751;60;2034;317;5534;472;471;491;12,32;3524907;1434;25,91254066;15,58505408;1,089266353;31
Jambeiro;2013;286528;56;2210;322;5635;480;484;495;12,6;3524907;1459;25,891748;14,57013575;0,995563443;31
Jambeiro;2014;299716;64;2320;336;5739;485;505;493;12,86;3524907;1483;25,8407388;14,48275862;1,110994947;31
Jambeiro;2015;253795;60;2448;363;5844;492;511;500;13,12;3524907;1503;25,71868583;14,82843137;1,032511978;31
Jambeiro;2016;253795;;;;5916;483;520;509;13,52;3524907;1512;25,55780933;;;31
Jandira;2010;2049050;68;36748;7338;108195;9680;10575;10953;6,31;3525003;31208;28,84421646;19,96843366;0,062969638;9
Jandira;2011;2240429;70;40334;8156;109721;9809;10475;10965;6,68;3525003;31249;28,48041852;20,22115337;0,0640716;9
Jandira;2012;2414877;69;43336;8719;111269;9934;10369;10971;7,07;3525003;31274;28,10666044;20,11953111;0,061850111;9
Jandira;2013;2637676;70;46050;9223;112839;10055;10257;10976;7,47;3525003;31288;27,72800184;20,02823018;0,06228343;9
Jandira;2014;2941506;71;48715;9745;114431;10170;10140;10967;7,9;3525003;31277;27,3326284;20,00410551;0,062089818;9
Jandira;2015;2456708;61;50943;10192;116045;10281;10017;10952;8,35;3525003;31250;26,9292085;20,00667413;0,052824335;9
Jandira;2016;2456708;;;;117518;10010;10146;10853;8,81;3525003;31009;26,3865961;;;9
Jardinopolis;2010;521471;60;15095;3121;37597;3236;3346;3224;11,51;3525102;9806;26,08186823;20,67572044;0,159081842;81
Jardinopolis;2011;575475;58;16337;3374;38159;3276;3385;3307;11,79;3525102;9968;26,12227784;20,65250658;0,152965224;81
Jardinopolis;2012;685563;59;17613;3690;38729;3316;3421;3393;12,1;3525102;10130;26,15611041;20,95043434;0,15213406;81
Jardinopolis;2013;773101;59;19009;3929;39309;3354;3457;3479;12,41;3525102;10290;26,17721133;20,66915672;0,149482307;81
Jardinopolis;2014;851497;66;20318;4222;39896;3393;3493;3566;12,71;3525102;10452;26,1981151;20,77960429;0,165405053;81
Jardinopolis;2015;681421;69;21214;4428;40493;3430;3528;3654;13,03;3525102;10612;26,20699874;20,87300839;0,1710913;81
Jardinopolis;2016;681421;;;;40962;3350;3550;3676;13,38;3525102;10576;25,8190518;;;81
Jarinu;2010;496630;74;10009;2413;23780;2118;1998;2176;10,97;3525201;6292;26,45920942;24,10830253;0,309756098;24
Jarinu;2011;622923;75;11378;2653;24385;2153;2081;2205;11,2;3525201;6439;26,4055772;23,3169274;0,307238056;24
Jarinu;2012;706948;78;12744;2899;25004;2186;2166;2240;11,42;3525201;6592;26,36378179;22,74795982;0,310910254;24
Jarinu;2013;996067;79;13954;3124;25640;2220;2254;2271;11,66;3525201;6745;26,30655226;22,38784578;0,306630265;24
Jarinu;2014;1556427;84;15205;3369;26292;2254;2343;2297;11,9;3525201;6894;26,2209037;22,15718514;0,319526852;24
Jarinu;2015;875799;84;16178;3606;26961;2287;2438;2326;12,17;3525201;7051;26,15259078;22,28952899;0,311709506;24
Jarinu;2016;875799;;;;27510;2256;2463;2405;12,39;3525201;7124;25,8960378;;;24
Jau;2010;2548016;72;77898;20176;130870;10044;11173;11856;12,86;3525300;33073;25,27164362;25,9005366;0,054917093;108
Jau;2011;2969053;73;83385;21823;132617;10100;11160;11948;13,11;3525300;33208;25,04053025;26,17137375;0,055196543;108
Jau;2012;3219076;73;87593;23087;134388;10153;11144;12038;13,37;3525300;33335;24,80504212;26,35712899;0,054647736;108
Jau;2013;3628475;71;91853;24079;136182;10204;11126;12123;13,64;3525300;33453;24,56492047;26,21471264;0,051908475;108
Jau;2014;4002111;72;94342;24975;138001;10252;11104;12206;13,91;3525300;33562;24,32011362;26,47283288;0,052173535;108
Jau;2015;3273346;69;96824;25845;139844;10297;11079;12288;14,19;3525300;33664;24,07253797;26,69276213;0,049011756;108
Jau;2016;3273346;;;;141344;10103;11092;12233;14,58;3525300;33428;23,65010188;;;108
Jeriquara;2010;45615;67;888;124;3161;280;289;253;11,07;3525409;822;26,00442898;13,96396396;2,127807656;12
Jeriquara;2011;41709;70;1002;143;3159;280;284;257;11,27;3525409;821;25,9892371;14,27145709;2,223488446;12
Jeriquara;2012;59613;66;1126;159;3156;286;281;261;11,47;3525409;828;26,23574144;14,12078153;2,093789607;12
Jeriquara;2013;70015;64;1240;170;3153;288;275;265;11,8;3525409;828;26,26070409;13,70967742;2,01649223;12
Jeriquara;2014;75639;63;1353;181;3150;288;269;267;12,06;3525409;824;26,15873016;13,37767923;2,006984127;12
Jeriquara;2015;58518;63;1409;194;3148;280;264;271;12,42;3525409;815;25,88945362;13,76863023;1,985387548;12
Jeriquara;2016;58518;;;;3146;281;265;266;12,71;3525409;812;25,81055308;;;12
Joanopolis;2010;103223;59;5914;1564;11756;992;1009;985;14,52;3525508;2986;25,39979585;26,44572202;0,506039469;27
Joanopolis;2011;115971;57;6558;1792;11854;962;1017;1001;14,83;3525508;2980;25,13919352;27,32540409;0,483802936;27
Joanopolis;2012;128146;53;7255;2022;11953;931;1025;1017;15,17;3525508;2973;24,87241697;27,87043418;0,442901364;27
Joanopolis;2013;154252;51;7831;2148;12053;903;1029;1030;15,51;3525508;2962;24,57479466;27,42944707;0,420310296;27
Joanopolis;2014;176418;58;8336;2262;12153;873;1033;1054;15,87;3525508;2960;24,35612606;27,1353167;0,479716942;27
Joanopolis;2015;135602;56;8696;2378;12255;845;1040;1062;16,22;3525508;2947;24,04732762;27,34590616;0,457201142;27
Joanopolis;2016;135602;;;;12336;837;1007;1073;16,6;3525508;2917;23,64623865;;;27
Joao Ramalho;2010;87283;50;1162;207;4147;389;390;327;10,9;3525607;1106;26,66988184;17,8141136;1,200626959;13
Joao Ramalho;2011;107909;53;1277;227;4171;383;398;338;10,96;3525607;1119;26,82809878;17,77603759;1,262287221;13
Joao Ramalho;2012;104637;55;1371;234;4195;379;396;351;11,08;3525607;1126;26,84147795;17,0678337;1,314898689;13
Joao Ramalho;2013;129761;56;1506;252;4219;373;388;364;11,16;3525607;1125;26,66508651;16,73306773;1,335861579;13
Joao Ramalho;2014;124186;57;1586;277;4243;367;391;375;11,31;3525607;1133;26,70280462;17,46532156;1,353052086;13
Joao Ramalho;2015;110755;66;1649;287;4267;361;386;386;11,53;3525607;1133;26,55261308;17,40448757;1,554956644;13
Joao Ramalho;2016;110755;;;;4290;349;380;392;11,84;3525607;1121;26,13053613;;;13
Jose Bonifacio;2010;636119;68;18806;5869;32727;2786;2956;2908;12,89;3525706;8650;26,43077581;31,20812507;0,207107281;82
Jose Bonifacio;2011;735941;69;20380;6324;33059;2753;2958;2955;13,14;3525706;8666;26,21373907;31,03042198;0,209231979;82
Jose Bonifacio;2012;874485;69;21892;6710;33394;2719;2958;3001;13,39;3525706;8678;25,9867042;30,65046592;0,206713781;82
Jose Bonifacio;2013;955253;74;23213;7040;33732;2684;2956;3048;13,65;3525706;8688;25,75595873;30,32783354;0,22041385;82
Jose Bonifacio;2014;1004709;76;24469;7363;34074;2648;2953;3098;13,9;3525706;8699;25,52972941;30,09113572;0,223425486;82
Jose Bonifacio;2015;841301;78;25451;7646;34419;2612;2950;3142;14,15;3525706;8704;25,28835817;30,04204157;0,225311601;82
Jose Bonifacio;2016;841301;;;;34726;2540;2911;3141;14,57;3525706;8592;24,74226804;;;82
Julio Mesquita;2010;30279;68;958;89;4428;417;353;355;13,82;3525805;1125;25,40650407;9,290187891;1,543812105;11
Julio Mesquita;2011;35372;74;1051;102;4447;421;365;354;14,05;3525805;1140;25,63525973;9,705042816;1,653699123;11
Julio Mesquita;2012;34742;69;1189;127;4466;420;377;351;14,26;3525805;1148;25,70532915;10,68124474;1,545454545;11
Julio Mesquita;2013;38081;71;1313;143;4485;418;387;349;14,54;3525805;1154;25,73021182;10,89108911;1,581270903;11
Julio Mesquita;2014;42238;71;1394;148;4505;421;397;346;14,78;3525805;1164;25,83795782;10,6169297;1,585571587;11
Julio Mesquita;2015;36142;82;1467;159;4524;411;409;344;15,1;3525805;1164;25,72944297;10,83844581;1,813439434;11
Julio Mesquita;2016;36142;;;;4547;404;416;355;15,37;3525805;1175;25,84121399;;;11
Jumirim;2010;43549;50;1085;124;2792;247;297;256;11,86;3525854;800;28,65329513;11,42857143;1,803366762;11
Jumirim;2011;53412;52;1191;146;2846;245;298;270;11,98;3525854;813;28,566409;12,25860621;1,819044273;11
Jumirim;2012;60655;61;1302;163;2902;242;295;286;12,13;3525854;823;28,3597519;12,51920123;2,116815989;11
Jumirim;2013;66765;63;1374;177;2959;240;288;307;12,23;3525854;835;28,2189929;12,88209607;2,13957418;11
Jumirim;2014;70427;58;1475;185;3017;236;284;323;12,4;3525854;843;27,9416639;12,54237288;1,921445144;11
Jumirim;2015;58962;53;1503;187;3075;234;280;333;12,59;3525854;847;27,54471545;12,4417831;1,732682927;11
Jumirim;2016;58962;;;;3120;237;276;335;12,85;3525854;848;27,17948718;;;11
Jundiai;2010;23155495;90;238304;40695;369710;26792;31103;34044;13,34;3525904;91939;24,86786941;17,07692695;0,024316356;134
Jundiai;2011;26571865;87;256353;43807;373881;26783;30628;33918;13,64;3525904;91329;24,42729104;17,08854587;0,023288159;134
Jundiai;2012;30683516;89;272065;45891;378098;26767;30148;33789;13,94;3525904;90704;23,98954768;16,8676603;0,023451592;134
Jundiai;2013;34448150;91;285396;47094;382363;26740;29666;33650;14,25;3525904;90056;23,55248808;16,50128243;0,023713068;134
Jundiai;2014;36339235;92;295405;48141;386677;26703;29183;33500;14,55;3525904;89386;23,1164512;16,29660974;0,023893327;134
Jundiai;2015;30239652;91;302775;48875;391040;26660;28698;33339;14,87;3525904;88697;22,68233429;16,14234993;0,023363339;134
Jundiai;2016;30239652;;;;394185;26070;28599;32688;15,31;3525904;87357;22,16142167;;;134
Junqueiropolis;2010;320339;78;7918;1766;18711;1382;1633;1579;15,94;3526001;4594;24,55240233;22,30361202;0,415851638;14
Junqueiropolis;2011;319585;79;8595;1897;18847;1367;1654;1624;16,17;3526001;4645;24,64583223;22,0709715;0,42070356;14
Junqueiropolis;2012;354857;81;9398;2073;18984;1355;1657;1668;16,39;3526001;4680;24,65233881;22,05788466;0,425463548;14
Junqueiropolis;2013;418488;76;10204;2209;19124;1341;1668;1712;16,64;3526001;4721;24,6862581;21,64837319;0,397458691;14
Junqueiropolis;2014;457178;73;10791;2332;19262;1325;1679;1774;16,87;3526001;4778;24,80531617;21,61060143;0,379763264;14
Junqueiropolis;2015;374089;66;11345;2471;19402;1311;1689;1814;17,12;3526001;4814;24,81187506;21,78052005;0,337594062;14
Junqueiropolis;2016;374089;;;;19534;1276;1674;1834;17,38;3526001;4784;24,49063172;;;14
Juquia;2010;216173;70;4524;1042;19256;1709;1345;1397;13,16;3526100;4451;23,11487329;23,03271441;0,36497715;68
Juquia;2011;194984;70;4966;1203;19186;1783;1390;1360;13,5;3526100;4533;23,62660273;24,22472815;0,367246951;68
Juquia;2012;242682;71;5443;1312;19118;1857;1435;1323;13,85;3526100;4615;24,13955435;24,10435422;0,373731562;68
Juquia;2013;217924;70;5900;1390;19049;1931;1481;1286;14,19;3526100;4698;24,66271195;23,55932203;0,366003465;68
Juquia;2014;302908;69;6302;1468;18981;2010;1525;1248;14,53;3526100;4783;25,19888309;23,29419232;0,36183552;68
Juquia;2015;234934;69;6548;1523;18912;2087;1570;1210;14,85;3526100;4867;25,73498308;23,25901038;0,36659264;68
Juquia;2016;234934;;;;18896;1956;1647;1259;15,23;3526100;4862;25,73031329;;;68
Juquitiba;2010;299824;75;8441;1474;28717;2555;2383;2268;9,96;3526209;7206;25,0931504;17,46238597;0,259741616;40
Juquitiba;2011;327640;76;9866;1773;28873;2640;2402;2274;10,3;3526209;7316;25,33855159;17,97080884;0,262425103;40
Juquitiba;2012;353697;75;11325;2022;29031;2724;2417;2277;10,65;3526209;7418;25,55199614;17,85430464;0,258895663;40
Juquitiba;2013;411200;75;12391;2214;29188;2809;2433;2280;10,99;3526209;7522;25,77086474;17,86780728;0,258291079;40
Juquitiba;2014;422949;72;13216;2357;29348;2898;2449;2280;11,35;3526209;7627;25,98814229;17,8344431;0,246013357;40
Juquitiba;2015;363062;73;13893;2467;29508;2983;2460;2281;11,7;3526209;7724;26,17595228;17,75714389;0,247831097;40
Juquitiba;2016;363062;;;;29684;2868;2547;2302;12,07;3526209;7717;25,99717019;;;40
Lagoinha;2010;40068;79;2277;869;4842;452;314;324;17,82;3526308;1090;22,51135894;38,16425121;1,638992152;24
Lagoinha;2011;35865;74;2499;916;4837;450;336;320;18,05;3526308;1106;22,86541245;36,65466186;1,520570602;24
Lagoinha;2012;40199;75;2735;986;4833;433;361;316;18,31;3526308;1110;22,96710118;36,0511883;1,549762053;24
Lagoinha;2013;46266;82;2960;1060;4827;419;387;313;18,54;3526308;1119;23,18210068;35,81081081;1,690490988;24
Lagoinha;2014;51147;80;3158;1116;4823;411;416;308;18,74;3526308;1135;23,5330707;35,33882204;1,667426913;24
Lagoinha;2015;42709;77;3357;1190;4818;400;441;303;19,03;3526308;1144;23,74429224;35,44831695;1,594437526;24
Lagoinha;2016;42709;;;;4818;385;440;325;19,28;3526308;1150;23,86882524;;;24
Laranjal Paulista;2010;558348;57;11513;2073;25223;1982;2178;2180;14,29;3526407;6340;25,13578876;18,00573265;0,227371843;20
Laranjal Paulista;2011;614958;61;12484;2271;25490;2004;2165;2204;14,52;3526407;6373;25,00196155;18,19128484;0,238877991;20
Laranjal Paulista;2012;663833;61;13397;2466;25759;2026;2150;2235;14,76;3526407;6411;24,88838852;18,40710607;0,235374044;20
Laranjal Paulista;2013;701820;62;14061;2542;26032;2047;2134;2261;15;3526407;6442;24,74646589;18,0783728;0,237323294;20
Laranjal Paulista;2014;747789;60;14795;2652;26307;2069;2120;2283;15,22;3526407;6472;24,60181701;17,92497465;0,226783746;20
Laranjal Paulista;2015;657350;56;15450;2746;26585;2088;2104;2313;15,47;3526407;6505;24,46868535;17,77346278;0,210381794;20
Laranjal Paulista;2016;657350;;;;26830;2032;2122;2291;15,82;3526407;6445;24,02161759;;;20
Lavinia;2010;96045;69;1704;406;8740;435;1067;1552;9,77;3526506;3054;34,94279176;23,82629108;0,793363844;24
Lavinia;2011;123107;62;1831;429;8715;436;1057;1567;9,95;3526506;3060;35,11187608;23,42981977;0,707745267;24
Lavinia;2012;115262;77;1976;468;8691;438;1049;1568;10,13;3526506;3055;35,15130595;23,68421053;0,88183178;24
Lavinia;2013;124419;71;2154;495;8666;439;1039;1578;10,33;3526506;3056;35,2642511;22,98050139;0,815831987;24
Lavinia;2014;125037;70;2291;532;8642;440;1028;1589;10,52;3526506;3057;35,37375607;23,22130074;0,812659107;24
Lavinia;2015;116774;76;2404;562;8616;441;1018;1589;10,71;3526506;3048;35,37604457;23,37770383;0,886606314;24
Lavinia;2016;116774;;;;8594;414;1021;1583;10,98;3526506;3018;35,11752385;;;24
Lavrinhas;2010;76796;66;1849;430;6585;593;593;595;8,78;3526605;1781;27,04631739;23,25581395;1,00531511;31
Lavrinhas;2011;82387;59;2022;464;6643;608;592;594;9,06;3526605;1794;27,00587084;22,94757666;0,881228361;31
Lavrinhas;2012;91438;60;2160;486;6703;620;590;590;9,37;3526605;1800;26,85364762;22,5;0,89109354;31
Lavrinhas;2013;98871;60;2325;513;6761;635;588;587;9,73;3526605;1810;26,77118769;22,06451613;0,888182222;31
Lavrinhas;2014;104719;61;2566;561;6822;656;585;582;10,09;3526605;1823;26,72236881;21,86282151;0,889182058;31
Lavrinhas;2015;90842;66;2700;595;6882;662;581;579;10,48;3526605;1822;26,47486196;22,03703704;0,963818657;31
Lavrinhas;2016;90842;;;;6938;634;596;578;10,85;3526605;1808;26,05938311;;;31
Leme;2010;1634523;69;47663;14659;91658;7962;8774;8741;10,93;3526704;25477;27,79571887;30,75551266;0,075334395;22
Leme;2011;1889032;73;51492;15905;92612;7933;8672;8816;11,22;3526704;25421;27,4489267;30,88829333;0,079028636;22
Leme;2012;2098799;77;55508;17128;93576;7902;8569;8888;11,52;3526704;25359;27,09989741;30,85681343;0,081762418;22
Leme;2013;2305655;76;59220;18078;94550;7868;8462;8959;11,81;3526704;25289;26,74669487;30,52684904;0,080243258;22
Leme;2014;2505532;75;62136;18985;95535;7829;8353;9024;12,12;3526704;25206;26,38404773;30,55394618;0,078798346;22
Leme;2015;2086708;72;64339;19695;96529;7789;8243;9090;12,43;3526704;25122;26,02533954;30,61129331;0,074651141;22
Leme;2016;2086708;;;;97403;7572;8204;8978;12,76;3526704;24754;25,41400162;;;22
Lencois Paulista;2010;1573990;74;31971;7032;61372;5147;5441;5691;10,82;3526803;16279;26,52512546;21,99493291;0,120168807;71
Lencois Paulista;2011;1783348;78;34305;7554;61890;5161;5407;5669;11,16;3526803;16237;26,2352561;22,02011369;0,125674584;71
Lencois Paulista;2012;1930842;78;36577;8061;62414;5174;5374;5643;11,5;3526803;16191;25,94129522;22,03843946;0,124170859;71
Lencois Paulista;2013;2155406;78;38762;8527;62941;5183;5335;5619;11,85;3526803;16137;25,63829618;21,9983489;0,123671375;71
Lencois Paulista;2014;2117395;77;40982;9086;63474;5192;5294;5590;12,22;3526803;16076;25,3269055;22,17070909;0,121214986;71
Lencois Paulista;2015;1912196;70;42321;9511;64010;5198;5254;5559;12,59;3526803;16011;25,01327918;22,47347652;0,108654898;71
Lencois Paulista;2016;1912196;;;;64470;5049;5265;5523;13,02;3526803;15837;24,56491391;;;71
Limeira;2010;7629913;81;153706;34381;275786;21925;24477;24821;11,64;3526902;71223;25,82545887;22,36802727;0,029519265;110
Limeira;2011;8630369;83;164660;36939;277970;21931;24096;24898;12,03;3526902;70925;25,51534338;22,43349933;0,02979818;110
Limeira;2012;9419354;83;175333;38554;280172;21927;23712;24963;12,42;3526902;70602;25,19952029;21,98901519;0,029446197;110
Limeira;2013;10749037;83;185264;40098;282391;21914;23324;25018;12,83;3526902;70256;24,87897985;21,64370844;0,02935646;110
Limeira;2014;11261334;82;193783;41804;284627;21892;22931;25060;13,24;3526902;69883;24,55248448;21,57258377;0,02892909;110
Limeira;2015;9538001;80;199644;42975;286882;21860;22536;25096;13,66;3526902;69492;24,22319978;21,52581595;0,02802546;110
Limeira;2016;9538001;;;;288741;21172;22522;24695;14,18;3526902;68389;23,68524041;;;110
Lindoia;2010;70101;56;3107;695;6699;515;567;554;13,21;3527009;1636;24,42155546;22,36884454;0,831467383;18
Lindoia;2011;81241;43;3467;773;6812;528;574;571;13,53;3527009;1673;24,5596007;22,29593308;0,628449794;18
Lindoia;2012;95439;39;3740;833;6928;539;575;591;13,87;3527009;1705;24,61027714;22,27272727;0,562788684;18
Lindoia;2013;112913;43;4023;901;7045;551;579;604;14,22;3527009;1734;24,61320085;22,39622173;0,605251952;18
Lindoia;2014;133560;57;4354;976;7164;563;581;626;14,59;3527009;1770;24,70686767;22,41616904;0,792853155;18
Lindoia;2015;98651;49;4537;1013;7285;574;584;640;15;3527009;1798;24,68085106;22,3275292;0,67618394;18
Lindoia;2016;98651;;;;7370;552;593;647;15,29;3527009;1792;24,31478969;;;18
Lins;2010;2325825;77;41602;11658;71385;5602;6033;6229;14,28;3527108;17864;25,02486517;28,02269122;0,107249422;63
Lins;2011;2407052;79;44422;12485;71799;5614;5948;6225;14,58;3527108;17787;24,77332553;28,10544325;0,109834399;63
Lins;2012;2619278;76;47633;13161;72217;5626;5863;6219;14,88;3527108;17708;24,52054225;27,63000441;0,105653793;63
Lins;2013;2874972;79;51434;13853;72636;5633;5776;6213;15,19;3527108;17622;24,26069717;26,9335459;0,108568754;63
Lins;2014;3238808;78;54515;14417;73058;5640;5688;6201;15,5;3527108;17529;23,99326562;26,44593231;0,106299105;63
Lins;2015;2693187;74;55634;14908;73484;5644;5600;6190;15,82;3527108;17434;23,72489249;26,79656325;0,101110446;63
Lins;2016;2693187;;;;73801;5435;5602;6093;16,24;3527108;17130;23,2110676;;;63
Lorena;2010;1356605;65;32260;8054;82498;6965;7189;7079;12,56;3527207;21233;25,73759364;24,96590205;0,0782322;36
Lorena;2011;1439347;66;34239;8685;82925;6910;7122;7073;12,9;3527207;21105;25,45070847;25,36581092;0,079698523;36
Lorena;2012;1558601;68;36530;9411;83353;6855;7050;7064;13,25;3527207;20969;25,15686298;25,76238708;0,081280818;36
Lorena;2013;1673966;69;38598;9980;83784;6796;6978;7056;13,61;3527207;20830;24,86154874;25,85626198;0,082772367;36
Lorena;2014;2001683;71;40687;10408;84217;6735;6902;7043;13,97;3527207;20680;24,55561229;25,5806523;0,083926048;36
Lorena;2015;1606040;68;42304;10835;84653;6673;6827;7025;14,34;3527207;20525;24,24603972;25,61223525;0,080694128;36
Lorena;2016;1606040;;;;85046;6484;6780;6967;14,78;3527207;20231;23,7883028;;;36
Lourdes;2010;28408;74;718;160;2127;176;151;177;16,69;3527256;504;23,69534556;22,28412256;3,459332393;
Lourdes;2011;29385;88;780;179;2134;169;157;177;17,01;3527256;503;23,57075914;22,94871795;4,129334583;
Lourdes;2012;29359;67;851;203;2142;163;162;169;17,32;3527256;494;23,06255836;23,85428907;3,128384687;
Lourdes;2013;31188;82;918;210;2148;157;168;166;17,69;3527256;491;22,858473;22,87581699;3,795158287;
Lourdes;2014;29863;81;971;228;2156;150;176;162;17,95;3527256;488;22,63450835;23,48094748;3,775510204;
Lourdes;2015;29641;76;1006;238;2163;145;182;158;18,35;3527256;485;22,42256126;23,65805169;3,509015257;
Lourdes;2016;29641;;;;2166;142;175;163;18,74;3527256;480;22,16066482;;;
Louveira;2010;6027356;63;17626;4330;36989;3167;4240;4338;7,66;3527306;11745;31,75268323;24,56598207;0,171131958;25
Louveira;2011;7033503;63;19313;4873;38177;3177;4145;4461;7,84;3527306;11783;30,86413285;25,23170921;0,165832831;25
Louveira;2012;7946164;63;20914;5250;39402;3185;4048;4583;8,01;3527306;11816;29,98832547;25,10280195;0,159281255;25
Louveira;2013;9098688;64;22701;5558;40668;3190;3951;4703;8,19;3527306;11844;29,12363529;24,48350293;0,157519426;25
Louveira;2014;9244651;68;24556;5938;41974;3194;3854;4823;8,36;3527306;11871;28,28179349;24,18146278;0,160932958;25
Louveira;2015;7870072;68;26142;6276;43322;3194;3756;4945;8,53;3527306;11895;27,45718111;24,0073445;0,15689488;25
Louveira;2016;7870072;;;;44269;3166;3728;4802;8,82;3527306;11696;26,42029411;;;25
Lucelia;2010;267341;64;8264;1790;19868;1558;1736;1684;14,58;3527405;4978;25,05536541;21,66021297;0,321924703;12
Lucelia;2011;283426;60;9016;1989;19991;1535;1705;1707;14,85;3527405;4947;24,74613576;22,06078083;0,300135061;12
Lucelia;2012;304058;56;9650;2121;20115;1512;1681;1726;15,16;3527405;4919;24,45438727;21,97927461;0,276311211;12
Lucelia;2013;338349;55;10421;2235;20240;1488;1655;1750;15,46;3527405;4893;24,17490119;21,44707802;0,273023715;12
Lucelia;2014;370915;58;10851;2366;20365;1466;1631;1770;15,74;3527405;4867;23,89884606;21,80444199;0,283427449;12
Lucelia;2015;312818;50;11280;2494;20491;1442;1608;1794;16,04;3527405;4844;23,63964667;22,10992908;0,241715875;12
Lucelia;2016;312818;;;;20596;1420;1583;1765;16,42;3527405;4768;23,15012624;;;12
Lucianopolis;2010;23514;88;718;94;2248;167;160;195;15,93;3527504;522;23,22064057;13,09192201;3,930160142;18
Lucianopolis;2011;26430;86;757;94;2248;175;161;187;16,33;3527504;523;23,26512456;12,41743725;3,830516014;18
Lucianopolis;2012;28272;74;832;102;2248;183;162;178;16,99;3527504;523;23,26512456;12,25961538;3,306939502;18
Lucianopolis;2013;32829;67;920;111;2249;193;162;170;17,47;3527504;525;23,34370831;12,06521739;2,98932859;18
Lucianopolis;2014;37071;69;980;116;2249;205;162;162;18,01;3527504;529;23,52156514;11,83673469;3,070253446;18
Lucianopolis;2015;29623;73;1046;123;2249;208;162;154;18,5;3527504;524;23,29924411;11,75908222;3,246776345;18
Lucianopolis;2016;29623;;;;2251;202;171;156;18,79;3527504;529;23,50066637;;;18
Luis Antonio;2010;775223;54;4403;479;11243;1094;1107;1103;7,63;3527603;3304;29,38717424;10,87894617;0,479231522;43
Luis Antonio;2011;878060;52;4798;553;11560;1120;1137;1138;7,85;3527603;3395;29,36851211;11,52563568;0,453200692;43
Luis Antonio;2012;1035843;53;5083;608;11886;1144;1168;1175;8,09;3527603;3487;29,33703517;11,96144009;0,442285041;43
Luis Antonio;2013;1035995;55;5440;665;12222;1169;1200;1214;8,35;3527603;3583;29,31598756;12,22426471;0,4504991;43
Luis Antonio;2014;1423865;54;5727;679;12566;1194;1233;1244;8,62;3527603;3671;29,21375139;11,85612013;0,426149928;43
Luis Antonio;2015;1029797;50;5907;757;12921;1218;1264;1283;8,91;3527603;3765;29,13861156;12,81530388;0,390217475;43
Luis Antonio;2016;1029797;;;;13161;1182;1278;1302;9,25;3527603;3762;28,58445407;;;43
Luiziania;2010;39492;53;1326;313;5023;413;512;497;13,28;3527702;1422;28,30977503;23,60482655;1,057933506;6
Luiziania;2011;45495;66;1473;347;5095;414;500;517;13,33;3527702;1431;28,08635918;23,55736592;1,289303238;6
Luiziania;2012;53617;61;1597;385;5169;415;490;524;13,41;3527702;1429;27,64557942;24,10770194;1,17682337;6
Luiziania;2013;54581;51;1728;410;5243;417;478;536;13,5;3527702;1431;27,29353424;23,72685185;0,96929239;6
Luiziania;2014;58406;47;1813;413;5319;416;467;553;13,59;3527702;1436;26,99755593;22,77992278;0,881932694;6
Luiziania;2015;50318;49;1905;425;5395;415;456;561;13,66;3527702;1432;26,54309546;22,30971129;0,911399444;6
Luiziania;2016;50318;;;;5465;402;455;556;13,91;3527702;1413;25,85544373;;;6
Lupercio;2010;37476;48;1194;213;4352;376;344;370;13,56;3527801;1090;25,04595588;17,83919598;1,109375;20
Lupercio;2011;37310;53;1285;238;4359;382;348;362;13,88;3527801;1092;25,05161734;18,52140078;1,21564579;20
Lupercio;2012;48803;65;1437;256;4365;390;351;353;14,25;3527801;1094;25,06300115;17,81489214;1,488659794;20
Lupercio;2013;43935;70;1527;264;4373;389;356;344;14,64;3527801;1089;24,90281271;17,28880157;1,599817059;20
Lupercio;2014;53064;63;1629;270;4379;397;358;336;15,03;3527801;1091;24,91436401;16,57458564;1,439369719;20
Lupercio;2015;44118;47;1690;285;4386;400;360;326;15,48;3527801;1086;24,76060192;16,86390533;1,067943456;20
Lupercio;2016;44118;;;;4393;387;366;330;15,68;3527801;1083;24,65285682;;;20
Lutecia;2010;44020;74;810;111;2715;241;220;226;15,03;3527900;687;25,3038674;13,7037037;2,711233886;19
Lutecia;2011;46726;84;890;121;2704;237;221;221;15,35;3527900;679;25,11094675;13,59550562;3,095044379;19
Lutecia;2012;59167;79;953;128;2693;229;222;216;15,71;3527900;667;24,76791682;13,43126967;2,948756034;19
Lutecia;2013;73177;76;1000;135;2682;216;229;211;16,07;3527900;656;24,45935869;13,5;2,825503356;19
Lutecia;2014;73752;83;1066;137;2671;208;226;206;16,55;3527900;640;23,96106327;12,85178236;3,104829652;19
Lutecia;2015;59368;97;1150;149;2660;200;224;202;16,92;3527900;626;23,53383459;12,95652174;3,630827068;19
Lutecia;2016;59368;;;;2652;197;219;203;17,35;3527900;619;23,34087481;;;19
Macatuba;2010;255047;68;6930;1222;16255;1401;1425;1433;11,44;3528007;4259;26,20116887;17,63347763;0,418948016;21
Macatuba;2011;289791;69;7437;1325;16325;1398;1413;1419;11,69;3528007;4230;25,91117917;17,81632379;0,424502297;21
Macatuba;2012;318564;69;8025;1440;16395;1393;1400;1411;11,97;3528007;4204;25,64196401;17,94392523;0,421530955;21
Macatuba;2013;340867;68;8630;1551;16465;1388;1386;1402;12,24;3528007;4176;25,36289098;17,97219003;0,415426663;21
Macatuba;2014;336415;68;9216;1649;16536;1383;1373;1384;12,51;3528007;4140;25,03628447;17,89279514;0,41201016;21
Macatuba;2015;308137;61;9505;1702;16607;1377;1358;1375;12,8;3528007;4110;24,74859999;17,90636507;0,365388089;21
Macatuba;2016;308137;;;;16672;1335;1357;1365;13,23;3528007;4057;24,33421305;;;21
Macaubal;2010;99163;64;3381;703;7661;567;588;620;17,67;3528106;1775;23,16929905;20,79266489;0,841665579;8
Macaubal;2011;103350;66;3704;754;7676;552;585;623;18,1;3528106;1760;22,92860865;20,35637149;0,861776967;8
Macaubal;2012;128757;66;4039;821;7689;538;583;619;18,51;3528106;1740;22,62973078;20,32681357;0,861490441;8
Macaubal;2013;129548;73;4391;873;7704;524;581;614;18,95;3528106;1719;22,31308411;19,88157595;0,950155763;8
Macaubal;2014;130253;63;4624;940;7718;510;577;600;19,42;3528106;1687;21,8579943;20,32871972;0,809795284;8
Macaubal;2015;118214;66;4842;971;7733;497;574;595;19,89;3528106;1666;21,54403207;20,05369682;0,847148584;8
Macaubal;2016;118214;;;;7736;477;558;592;20,36;3528106;1627;21,03154085;;;8
Macedonia;2010;53531;79;1245;279;3665;286;248;277;16,97;3528205;811;22,12824011;22,40963855;2,163983629;22
Macedonia;2011;42915;79;1373;322;3656;285;254;268;17,53;3528205;807;22,07330416;23,45229425;2,162746171;22
Macedonia;2012;50064;69;1528;349;3646;280;259;260;18,24;3528205;799;21,91442677;22,84031414;1,893856281;22
Macedonia;2013;53442;64;1663;388;3636;264;265;252;18,92;3528205;781;21,47964796;23,33132892;1,769251925;22
Macedonia;2014;60255;62;1771;406;3626;257;277;245;19,61;3528205;779;21,48372863;22,92490119;1,709873138;22
Macedonia;2015;52041;64;1828;420;3617;250;277;238;20,35;3528205;765;21,15012441;22,97592998;1,779928117;22
Macedonia;2016;52041;;;;3609;243;276;244;20,92;3528205;763;21,14159047;;;22
Magda;2010;49121;74;1450;171;3202;235;240;232;18,21;3528304;707;22,07995003;11,79310345;2,303560275;13
Magda;2011;67264;70;1576;177;3190;232;237;231;18,68;3528304;700;21,94357367;11,23096447;2,180877743;13
Magda;2012;62800;61;1733;206;3179;227;233;229;19,16;3528304;689;21,67348223;11,88690133;1,91569676;13
Magda;2013;71761;62;1868;215;3167;224;230;228;19,64;3528304;682;21,53457531;11,50963597;1,967477108;13
Magda;2014;70712;72;1952;233;3156;221;226;227;20,22;3528304;674;21,35614702;11,93647541;2,284220532;13
Magda;2015;64332;91;2027;242;3144;218;223;226;20,77;3528304;667;21,21501272;11,93882585;2,902989822;13
Magda;2016;64332;;;;3133;200;220;224;21,26;3528304;644;20,55537823;;;13
Mairinque;2010;1171996;72;17223;3353;43195;3728;3664;3747;10,24;3528403;11139;25,78770691;19,46815305;0,166477602;12
Mairinque;2011;1409673;74;19001;3690;43523;3759;3667;3720;10,57;3528403;11146;25,60944788;19,42003052;0,170139926;12
Mairinque;2012;1559833;74;20514;3949;43853;3788;3670;3693;10,91;3528403;11151;25,42813491;19,25026811;0,169224454;12
Mairinque;2013;1501015;76;22038;4163;44186;3815;3671;3663;11,26;3528403;11149;25,23197393;18,89009892;0,171457023;12
Mairinque;2014;1540245;78;23649;4421;44522;3844;3672;3631;11,61;3528403;11147;25,03706033;18,69423654;0,175800728;12
Mairinque;2015;1436552;73;25003;4710;44860;3867;3671;3599;11,97;3528403;11137;24,82612572;18,83773947;0,16246099;12
Mairinque;2016;1436552;;;;45149;3757;3703;3603;12,41;3528403;11063;24,50331126;;;12
Mairipora;2010;1116128;64;30837;5973;80755;7095;6610;6596;9,77;3528502;20301;25,13900068;19,36958848;0,079784533;67
Mairipora;2011;1235284;65;36015;6827;82543;7341;6883;6783;10,09;3528502;21007;25,44976558;18,95599056;0,079013363;67
Mairipora;2012;1297547;66;41088;7549;84372;7590;7163;6971;10,42;3528502;21724;25,74787844;18,3727609;0,078165742;67
Mairipora;2013;1449237;66;45055;8097;86240;7840;7449;7160;10,75;3528502;22449;26,03084416;17,97136833;0,076287106;67
Mairipora;2014;1500945;67;47302;8420;88150;8095;7742;7349;11,09;3528502;23186;26,3028928;17,80051583;0,075609756;67
Mairipora;2015;1319828;65;48572;8667;90103;8349;8042;7539;11,43;3528502;23930;26,55849417;17,8436136;0,072406024;67
Mairipora;2016;1319828;;;;91745;8107;8277;7812;11,81;3528502;24196;26,37309935;;;67
Manduri;2010;70868;58;4044;666;8986;747;717;739;14,33;3528601;2203;24,51591364;16,46884273;0,64188738;15
Manduri;2011;88311;58;4309;702;9044;745;728;739;14,58;3528601;2212;24,45820433;16,29148294;0,63611234;15
Manduri;2012;99199;52;4709;760;9103;733;739;740;14,84;3528601;2212;24,29968142;16,13930771;0,566955949;15
Manduri;2013;145692;61;5133;823;9161;724;751;740;15,14;3528601;2215;24,17858312;16,03350867;0,660517411;15
Manduri;2014;134982;53;5398;841;9220;716;768;738;15,4;3528601;2222;24,09978308;15,57984439;0,573318872;15
Manduri;2015;107810;58;5601;874;9280;708;768;739;15,7;3528601;2215;23,86853448;15,60435636;0,627262931;15
Manduri;2016;107810;;;;9328;688;768;748;16,01;3528601;2204;23,62778731;;;15
Maraba Paulista;2010;100308;55;1061;227;4801;344;713;621;10,39;3528700;1678;34,95105186;21,39491046;1,151635076;29
Maraba Paulista;2011;113155;62;1147;242;4815;340;722;614;10,61;3528700;1676;34,807892;21,09851787;1,280996885;29
Maraba Paulista;2012;107757;73;1258;271;4827;337;722;608;10,86;3528700;1667;34,53490781;21,54213037;1,503211104;29
Maraba Paulista;2013;106306;73;1347;271;4841;332;725;600;11,09;3528700;1657;34,22846519;20,11878248;1,497624458;29
Maraba Paulista;2014;132636;53;1432;284;4853;327;736;592;11,37;3528700;1655;34,10261694;19,83240223;1,096435195;29
Maraba Paulista;2015;112032;52;1494;303;4867;323;731;584;11,71;3528700;1638;33,65522909;20,2811245;1,060817752;29
Maraba Paulista;2016;112032;;;;4880;318;734;588;12,13;3528700;1640;33,60655738;;;29
Maracai;2010;315178;83;6074;1415;13329;1093;1186;1145;12,64;3528809;3424;25,68834871;23,29601581;0,621351939;49
Maracai;2011;454603;78;6476;1558;13351;1082;1162;1144;13,03;3528809;3388;25,3763763;24,05806053;0,583701595;49
Maracai;2012;390162;75;6894;1676;13373;1069;1131;1140;13,41;3528809;3340;24,9756973;24,31099507;0,562327077;49
Maracai;2013;390004;76;7241;1746;13396;1056;1104;1137;13,81;3528809;3297;24,61182443;24,11269162;0,56494476;49
Maracai;2014;373383;74;7617;1829;13419;1041;1076;1146;14,24;3528809;3263;24,31626798;24,01207825;0,54899769;49
Maracai;2015;384666;64;7893;1881;13441;1029;1049;1133;14,67;3528809;3211;23,88959155;23,83124287;0,475634253;49
Maracai;2016;384666;;;;13457;999;1039;1111;15,17;3528809;3149;23,40046073;;;49
Marapoama;2010;94787;48;1521;308;2629;191;225;230;14,91;3528858;646;24,57208064;20,24983563;1,833777102;
Marapoama;2011;100302;58;1676;337;2659;193;222;239;15,31;3528858;654;24,59571267;20,10739857;2,196690485;
Marapoama;2012;101584;62;1817;359;2688;198;220;242;15,59;3528858;660;24,55357143;19,7578426;2,321056548;
Marapoama;2013;132969;72;1922;372;2719;200;216;244;16,04;3528858;660;24,27363001;19,35483871;2,649135712;
Marapoama;2014;149203;65;2006;387;2750;203;212;249;16,44;3528858;664;24,14545455;19,29212363;2,363636364;
Marapoama;2015;115769;57;2069;387;2781;206;209;245;16,9;3528858;660;23,73247033;18,70468826;2,063286588;
Marapoama;2016;115769;;;;2805;200;211;240;17,29;3528858;651;23,20855615;;;
Mariapolis;2010;42737;53;1029;225;3915;330;363;337;15,27;3528908;1030;26,30906769;21,86588921;1,349936143;9
Mariapolis;2011;32362;52;1153;254;3921;323;359;341;15,51;3528908;1023;26,09028309;22,02948829;1,322366743;9
Mariapolis;2012;36982;60;1252;270;3928;315;345;346;15,84;3528908;1006;25,61099796;21,56549521;1,527494908;9
Mariapolis;2013;52708;55;1308;277;3935;307;341;350;16,24;3528908;998;25,36213469;21,17737003;1,399237611;9
Mariapolis;2014;55087;59;1427;291;3942;300;333;357;16,59;3528908;990;25,11415525;20,39243167;1,495687468;9
Mariapolis;2015;43975;54;1520;301;3948;292;324;355;17,02;3528908;971;24,59473151;19,80263158;1,370820669;9
Mariapolis;2016;43975;;;;3954;276;316;356;17,25;3528908;948;23,97572079;;;9
Marilia;2010;4551069;84;113428;31165;216576;17194;18474;18638;13,65;3529005;54306;25,07480053;27,47557922;0,038933215;143
Marilia;2011;5083997;86;122453;33948;218165;17143;18395;18734;13,99;3529005;54272;24,87658424;27,72328975;0,039566383;143
Marilia;2012;5770067;88;131586;36241;219765;17086;18310;18825;14,32;3529005;54221;24,67226355;27,54168377;0,040224786;143
Marilia;2013;6432238;89;139795;38071;221378;17023;18221;18913;14,66;3529005;54157;24,46358717;27,23344898;0,040193696;143
Marilia;2014;7041951;88;146608;39639;223002;16956;18124;18985;15,01;3529005;54065;24,24417718;27,03740587;0,0396409;143
Marilia;2015;5775864;85;152482;41274;224637;16883;18025;19057;15,35;3529005;53965;24,02320188;27,06811296;0,037616243;143
Marilia;2016;5775864;;;;226005;16242;17968;18973;15,8;3529005;53183;23,53178027;;;143
Marinopolis;2010;20451;67;824;161;2114;180;152;140;14;3529104;472;22,32734153;19,53883495;3,182119205;9
Marinopolis;2011;19855;61;867;168;2111;181;157;141;14,21;3529104;479;22,69066793;19,37716263;2,885362387;9
Marinopolis;2012;22167;80;903;175;2109;175;160;141;14,6;3529104;476;22,56993836;19,37984496;3,793266951;9
Marinopolis;2013;24096;75;973;196;2106;172;164;143;15,1;3529104;479;22,74453941;20,14388489;3,537986705;9
Marinopolis;2014;28545;75;1032;205;2104;170;167;143;15,26;3529104;480;22,81368821;19,86434109;3,587927757;9
Marinopolis;2015;23023;72;1092;213;2101;166;172;144;15,75;3529104;482;22,94145645;19,50549451;3,434554974;9
Marinopolis;2016;23023;;;;2100;163;169;148;16,33;3529104;480;22,85714286;;;9
Martinopolis;2010;259696;68;8668;1821;24203;1985;2058;2199;13,93;3529203;6242;25,7901913;21,00830641;0,279965294;86
Martinopolis;2011;335058;67;9312;1966;24353;1975;2105;2204;14,15;3529203;6284;25,80380241;21,11254296;0,277050055;86
Martinopolis;2012;377795;70;10126;2126;24504;1963;2153;2214;14,39;3529203;6330;25,83251714;20,99545724;0,28395364;86
Martinopolis;2013;390770;75;10961;2219;24656;1951;2200;2218;14,62;3529203;6369;25,83144062;20,24450324;0,304023361;86
Martinopolis;2014;433800;75;11725;2339;24808;1938;2244;2223;14,83;3529203;6405;25,81828442;19,94882729;0,303853596;86
Martinopolis;2015;359424;75;12339;2458;24961;1924;2294;2227;15,06;3529203;6445;25,82027964;19,92057703;0,300468731;86
Martinopolis;2016;359424;;;;25102;1860;2280;2273;15,42;3529203;6413;25,54776512;;;86
Matao;2010;2110727;82;45566;11704;76743;6302;7092;6850;11,67;3529302;20244;26,37895313;25,68581837;0,107123777;74
Matao;2011;2419710;85;49281;12740;77113;6212;6921;6890;12,09;3529302;20023;25,96579046;25,85174814;0,10969616;74
Matao;2012;2953976;85;52978;13643;77484;6120;6749;6925;12,51;3529302;19794;25,54591916;25,75219903;0,10988075;74
Matao;2013;3164344;86;56856;14474;77858;6027;6578;6958;12,96;3529302;19563;25,12651237;25,45729562;0,111061163;74
Matao;2014;3266004;86;59511;15129;78233;5930;6407;6986;13,41;3529302;19323;24,69929569;25,42219086;0,109442307;74
Matao;2015;2782952;82;61256;15641;78610;5833;6237;7010;13,87;3529302;19080;24,27172116;25,53382526;0,10433787;74
Matao;2016;2782952;;;;78890;5610;6150;6839;14,43;3529302;18599;23,57586513;;;74
Maua;2010;9323424;72;150648;25611;416585;35425;40607;40765;8,27;3529401;116797;28,03677521;17,00055759;0,017379406;6
Maua;2011;9813108;73;163240;28648;421156;35868;40081;41039;8,63;3529401;116988;27,77783054;17,54962019;0,017349866;6
Maua;2012;9295360;72;174530;30610;425776;36299;39543;41296;9;3529401;117138;27,51164932;17,53853206;0,016865676;6
Maua;2013;10499354;72;185546;32457;430448;36714;38989;41536;9,38;3529401;117239;27,23650708;17,49269723;0,016654741;6
Maua;2014;11329503;72;194957;34159;435171;37117;38425;41752;9,78;3529401;117294;26,9535424;17,52129957;0,016510751;6
Maua;2015;10052150;70;202327;35706;439947;37504;37850;41947;10,19;3529401;117301;26,6625298;17,64766937;0,015854182;6
Maua;2016;10052150;;;;443910;36268;38259;41377;10,63;3529401;115904;26,10979703;;;6
Mendonca;2010;117038;69;1827;271;4632;347;422;399;15,8;3529500;1168;25,21588946;14,83305966;1,499568221;26
Mendonca;2011;143744;79;2002;312;4677;354;421;411;16,01;3529500;1186;25,35813556;15,58441558;1,683557836;26
Mendonca;2012;166472;69;2233;345;4724;363;409;421;16,32;3529500;1193;25,25402202;15,45006717;1,457874682;26
Mendonca;2013;172050;65;2481;410;4770;369;402;434;16,58;3529500;1205;25,26205451;16,52559452;1,355974843;26
Mendonca;2014;181298;66;2686;437;4817;376;393;454;16,86;3529500;1223;25,38924642;16,26954579;1,371392983;26
Mendonca;2015;156120;65;2888;483;4864;382;385;463;17,13;3529500;1230;25,28782895;16,72437673;1,330797697;26
Mendonca;2016;156120;;;;4899;360;391;462;17,37;3529500;1213;24,76015513;;;26
Meridiano;2010;123092;83;2011;322;3856;282;305;301;15,9;3529609;888;23,02904564;16,01193436;2,163641079;13
Meridiano;2011;123386;84;2269;368;3844;281;297;308;16,18;3529609;886;23,04890739;16,2185985;2,19640999;13
Meridiano;2012;123658;85;2451;415;3833;281;291;300;16,51;3529609;872;22,74980433;16,93186455;2,218366815;13
Meridiano;2013;209936;81;2605;442;3821;280;283;300;16,88;3529609;863;22,58571055;16,96737044;2,128500393;13
Meridiano;2014;227911;81;2733;465;3810;278;276;300;17,24;3529609;854;22,41469816;17,01427003;2,115748031;13
Meridiano;2015;161597;77;2829;483;3798;277;269;290;17,67;3529609;836;22,01158504;17,07317073;2,026592944;13
Meridiano;2016;161597;;;;3786;264;269;283;18,2;3529609;816;21,55309033;;;13
Mesopolis;2010;49304;66;626;158;1886;152;139;114;15,75;3529658;405;21,47401909;25,23961661;3,497348887;
Mesopolis;2011;43367;63;687;166;1886;160;141;117;16,12;3529658;418;22,16330859;24,16302766;3,33457052;
Mesopolis;2012;41363;62;749;175;1886;164;143;122;16,33;3529658;429;22,74655355;23,36448598;3,267232238;
Mesopolis;2013;40611;55;808;178;1887;163;144;126;16,64;3529658;433;22,94647589;22,02970297;2,895601484;
Mesopolis;2014;42136;58;849;181;1887;169;144;129;17,01;3529658;442;23,42342342;21,31919906;3,095919449;
Mesopolis;2015;43356;57;881;196;1887;163;146;133;17,38;3529658;442;23,42342342;22,24744608;3,012188659;
Mesopolis;2016;43356;;;;1888;147;156;135;17,74;3529658;438;23,19915254;;;
Miguelopolis;2010;492015;70;7587;1650;20439;1744;1753;1863;11,17;3529708;5360;26,22437497;21,74772637;0,343167474;65
Miguelopolis;2011;541075;57;8185;1836;20545;1727;1746;1830;11,47;3529708;5303;25,811633;22,43127673;0,276563641;65
Miguelopolis;2012;620247;64;8826;2013;20651;1708;1738;1804;11,79;3529708;5250;25,4224977;22,80761387;0,309524962;65
Miguelopolis;2013;672953;59;9545;2192;20757;1689;1729;1773;12,12;3529708;5191;25,00843089;22,96490309;0,284193284;65
Miguelopolis;2014;579045;60;10156;2311;20864;1672;1720;1744;12,44;3529708;5136;24,61656442;22,75502166;0,286042945;65
Miguelopolis;2015;581067;55;10451;2383;20972;1651;1710;1713;12,81;3529708;5074;24,19416365;22,80164578;0,263112722;65
Miguelopolis;2016;581067;;;;21061;1636;1693;1707;13,23;3529708;5036;23,91149518;;;65
Mineiros do Tiete;2010;100130;62;4425;511;12033;1051;969;1078;12,37;3529807;3098;25,74586554;11,5480226;0,518407712;12
Mineiros do Tiete;2011;120566;66;4816;585;12090;1048;985;1053;12,66;3529807;3086;25,52522746;12,14700997;0,547973532;12
Mineiros do Tiete;2012;121665;72;5209;687;12148;1043;998;1030;12,97;3529807;3071;25,27988146;13,18871184;0,593431017;12
Mineiros do Tiete;2013;136615;76;5563;729;12206;1039;1013;1005;13,3;3529807;3057;25,04505981;13,10444005;0,624037359;12
Mineiros do Tiete;2014;149180;66;5920;771;12264;1037;1027;980;13,64;3529807;3044;24,82061318;13,02364865;0,540932811;12
Mineiros do Tiete;2015;125631;59;6151;804;12322;1030;1040;956;14,02;3529807;3026;24,55770167;13,07104536;0,475166369;12
Mineiros do Tiete;2016;125631;;;;12377;997;1038;972;14,43;3529807;3007;24,29506342;;;12
Mira Estrela;2010;28362;78;1089;165;2818;222;193;174;17,07;3530003;589;20,90134847;15,15151515;2,780695529;3
Mira Estrela;2011;32484;69;1176;181;2831;229;200;180;17,52;3530003;609;21,51183327;15,39115646;2,431649594;3
Mira Estrela;2012;33967;71;1292;201;2843;224;209;186;18,01;3530003;619;21,77277524;15,55727554;2,501231094;3
Mira Estrela;2013;39269;58;1394;211;2856;221;217;192;18,56;3530003;630;22,05882353;15,13629842;2,042366947;3
Mira Estrela;2014;43677;60;1503;222;2869;218;230;197;19,1;3530003;645;22,48170094;14,77045908;2,085744162;3
Mira Estrela;2015;35552;54;1573;239;2882;216;232;204;19,78;3530003;652;22,62317835;15,19389701;1,872657876;3
Mira Estrela;2016;35552;;;;2893;211;239;211;20,36;3530003;661;22,84825441;;;3
Miracatu;2010;345359;71;4871;1219;20606;1912;1486;1532;11,52;3529906;4930;23,92507037;25,02566208;0,34310395;85
Miracatu;2011;350061;65;5484;1458;20489;1951;1527;1478;11,83;3529906;4956;24,188589;26,58643326;0,319390893;85
Miracatu;2012;315617;61;6065;1610;20372;1987;1568;1424;12,16;3529906;4979;24,4404084;26,54575433;0,300019635;85
Miracatu;2013;437244;62;6637;1720;20256;2024;1609;1373;12,48;3529906;5006;24,71366509;25,91532319;0,306378357;85
Miracatu;2014;366653;67;7184;1846;20141;2064;1651;1320;12,79;3529906;5035;24,99875875;25,69599109;0,330718435;85
Miracatu;2015;362987;68;7653;1952;20027;2098;1692;1272;13,11;3529906;5062;25,27587757;25,50633738;0,338393169;85
Miracatu;2016;362987;;;;20008;2000;1742;1323;13,44;3529906;5065;25,31487405;;;85
Mirandopolis;2010;328816;76;12267;3171;27470;1868;2123;2638;14,71;3530102;6629;24,13178012;25,84984104;0,27641063;30
Mirandopolis;2011;412893;76;13154;3449;27601;1842;2148;2642;15,01;3530102;6632;24,02811492;26,22016117;0,274337886;30
Mirandopolis;2012;464531;79;14086;3736;27731;1813;2171;2644;15,31;3530102;6628;23,90104937;26,52278858;0,284735495;30
Mirandopolis;2013;544821;81;15116;3958;27863;1785;2194;2646;15,63;3530102;6625;23,777052;26,18417571;0,289344292;30
Mirandopolis;2014;618029;78;15807;4153;27996;1757;2216;2648;15,92;3530102;6621;23,64980712;26,27317011;0,279397057;30
Mirandopolis;2015;473818;81;16453;4327;28128;1729;2238;2646;16,24;3530102;6613;23,51038111;26,29915517;0,288147042;30
Mirandopolis;2016;473818;;;;28232;1680;2211;2667;16,56;3530102;6558;23,22896005;;;30
Mirante do Paranapanema;2010;180862;69;5040;1274;17052;1435;1306;1193;14,89;3530201;3934;23,07060755;25,27777778;0,407107671;99
Mirante do Paranapanema;2011;212695;71;5596;1412;17128;1442;1331;1215;15,21;3530201;3988;23,28351238;25,23230879;0,413475012;99
Mirante do Paranapanema;2012;278194;71;6110;1534;17203;1452;1355;1235;15,58;3530201;4042;23,49590188;25,10638298;0,413590653;99
Mirante do Paranapanema;2013;298042;70;6614;1649;17279;1462;1380;1256;15,93;3530201;4098;23,71665027;24,9319625;0,402338098;99
Mirante do Paranapanema;2014;356101;71;7163;1751;17355;1466;1405;1277;16,24;3530201;4148;23,90089311;24,44506492;0,408931144;99
Mirante do Paranapanema;2015;265179;70;7597;1838;17432;1477;1428;1298;16,6;3530201;4203;24,11083066;24,1937607;0,403338687;99
Mirante do Paranapanema;2016;265179;;;;17498;1432;1433;1323;17,05;3530201;4188;23,9341639;;;99
Mirassol;2010;977181;84;28519;7770;53744;4117;4505;4445;13,59;3530300;13067;24,31341173;27,24499457;0,155570854;36
Mirassol;2011;1098015;78;31255;8505;54176;4078;4472;4507;13,91;3530300;13057;24,10107797;27,21164614;0,1434399;36
Mirassol;2012;1254672;86;33832;9106;54611;4040;4439;4569;14,23;3530300;13048;23,89262237;26,91534642;0,156946403;36
Mirassol;2013;1420623;83;36249;9747;55051;4000;4404;4630;14,57;3530300;13034;23,6762275;26,88901763;0,150496812;36
Mirassol;2014;1543382;81;38382;10277;55493;3958;4369;4695;14,9;3530300;13022;23,46602274;26,77557188;0,145639991;36
Mirassol;2015;1258775;77;39822;10691;55939;3917;4333;4752;15,24;3530300;13002;23,2431756;26,84696901;0,138365005;36
Mirassol;2016;1258775;;;;56311;3810;4288;4714;15,68;3530300;12812;22,75221538;;;36
Mirassolandia;2010;50768;62;1343;348;4290;327;334;339;16,04;3530409;1000;23,31002331;25,91213701;1,455477855;2
Mirassolandia;2011;50862;63;1481;357;4331;332;337;343;16,23;3530409;1012;23,36642808;24,10533423;1,446086354;2
Mirassolandia;2012;60945;62;1657;385;4373;339;342;347;16,42;3530409;1028;23,50788932;23,23476162;1,412302767;2
Mirassolandia;2013;65124;60;1775;406;4415;345;345;352;16,58;3530409;1042;23,601359;22,87323944;1,352434881;2
Mirassolandia;2014;89351;61;1895;427;4458;350;348;359;16,8;3530409;1057;23,71018394;22,53298153;1,358905339;2
Mirassolandia;2015;63410;54;2001;448;4501;356;351;359;17,02;3530409;1066;23,68362586;22,3888056;1,200399911;2
Mirassolandia;2016;63410;;;;4540;345;356;366;17,22;3530409;1067;23,50220264;;;2
Mococa;2010;1089746;76;30622;8572;66284;5507;5492;5708;13,82;3530508;16707;25,20517772;27,99294625;0,114145193;125
Mococa;2011;1207461;73;32804;9070;66329;5393;5473;5630;14,24;3530508;16496;24,86996638;27,64906719;0,109801143;125
Mococa;2012;1414142;80;35303;9573;66373;5278;5452;5557;14,67;3530508;16287;24,5385925;27,11667564;0,120591204;125
Mococa;2013;1607624;79;37177;9868;66418;5165;5428;5480;15,11;3530508;16073;24,19976512;26,5432929;0,118251077;125
Mococa;2014;1675195;80;38992;10261;66463;5053;5404;5402;15,55;3530508;15859;23,86139657;26,31565449;0,12108993;125
Mococa;2015;1398834;82;40218;10497;66508;4940;5377;5323;16,01;3530508;15640;23,515968;26,10025362;0,122541649;125
Mococa;2016;1398834;;;;66557;4792;5275;5316;16,55;3530508;15383;23,1125201;;;125
Mogi das Cruzes;2010;9389909;76;162752;23891;387260;32328;33586;33917;10,27;3530607;99831;25,77880494;14,6793895;0,019637969;148
Mogi das Cruzes;2011;10166359;78;175872;25931;391852;32938;33644;34151;10,58;3530607;100733;25,70689954;14,74424582;0,01998969;148
Mogi das Cruzes;2012;11146730;78;187304;27415;396499;33550;33690;34375;10,9;3530607;101615;25,62805959;14,63663349;0,019722622;148
Mogi das Cruzes;2013;12869867;79;200636;28538;401201;34160;33725;34584;11,22;3530607;102469;25,54056446;14,22376842;0,019740728;148
Mogi das Cruzes;2014;13367335;79;211621;29707;405959;34767;33748;34783;11,55;3530607;103298;25,44542675;14,03783178;0,019359098;148
Mogi das Cruzes;2015;11388040;77;218535;30930;410774;35374;33759;34974;11,89;3530607;104107;25,34410649;14,15333928;0,018623379;148
Mogi das Cruzes;2016;11388040;;;;415107;34479;34342;35004;12,3;3530607;103825;25,01162351;;;148
Mogi Guacu;2010;3593004;78;76511;23445;137131;11387;12085;12402;11,75;3530706;35874;26,16038678;30,64265269;0,057200779;
Mogi Guacu;2011;4005208;77;82869;25222;138298;11315;12007;12408;12,13;3530706;35730;25,83551461;30,43598933;0,055973333;
Mogi Guacu;2012;4432444;77;89014;26707;139476;11240;11923;12411;12,52;3530706;35574;25,50546331;30,00314557;0,055013049;
Mogi Guacu;2013;4790141;79;94530;27902;140664;11159;11836;12404;12,92;3530706;35399;25,16564295;29,51655559;0,055842291;
Mogi Guacu;2014;5048999;79;99472;29033;141862;11074;11745;12394;13,32;3530706;35213;24,82201012;29,18710793;0,055589235;
Mogi Guacu;2015;11388040;69;103637;29990;143070;10986;11648;12377;13,73;3530706;35011;24,47123786;28,93754161;0,04839589;
Mogi Guacu;2016;11388040;;;;144106;10608;11575;12300;14,2;3530706;34483;23,92891344;;;
Moji Mirim;2010;2761858;73;53678;14787;86462;6967;7265;7494;13,09;3530805;21726;25,12780181;27,54759864;0,084765562;
Moji Mirim;2011;3058222;75;57182;15817;86904;6873;7195;7448;13,49;3530805;21516;24,75835405;27,66080235;0,086727884;
Moji Mirim;2012;11927708;76;60454;16677;87349;6781;7125;7393;13,9;3530805;21299;24,38379375;27,58626394;0,087385087;
Moji Mirim;2013;3632286;77;63266;17236;87796;6685;7052;7341;14,32;3530805;21078;24,00792747;27,2437012;0,087612192;
Moji Mirim;2014;4017408;79;65601;17591;88244;6587;6976;7287;14,74;3530805;20850;23,62766874;26,81514001;0,089331853;
Moji Mirim;2015;5079496;78;67004;17781;88695;6489;6899;7229;15,18;3530805;20617;23,24482778;26,53722166;0,088426631;
Moji Mirim;2016;5079496;;;;89042;6288;6807;7160;15,7;3530805;20255;22,7476921;;;
Mombuca;2010;44752;80;1129;199;3265;291;289;280;11,36;3530904;860;26,33996937;17,62621789;2,436447167;2
Mombuca;2011;49187;76;1212;218;3272;295;287;279;11,55;3530904;861;26,31418093;17,98679868;2,33099022;2
Mombuca;2012;55500;63;1323;232;3279;298;285;278;11,68;3530904;861;26,25800549;17,53590325;1,918877707;2
Mombuca;2013;60233;64;1452;253;3287;298;283;277;11,86;3530904;858;26,10282933;17,42424242;1,948281107;2
Mombuca;2014;56413;70;1562;257;3294;296;281;276;12,02;3530904;853;25,8955677;16,45326504;2,126897389;2
Mombuca;2015;53217;73;1676;276;3301;291;279;275;12,27;3530904;845;25,59830354;16,46778043;2,206301121;2
Mombuca;2016;53217;;;;3307;278;285;273;12,64;3530904;836;25,27970971;;;2
Mongagua;2010;435874;77;11467;2847;46186;3524;3523;3546;14,61;3531100;10593;22,93552159;24,82776663;0,166370762;17
Mongagua;2011;496134;83;13408;3223;47037;3715;3654;3644;14,89;3531100;11013;23,413483;24,03788783;0,17666943;17
Mongagua;2012;576832;84;15578;3632;47905;3915;3788;3743;15,16;3531100;11446;23,8931218;23,31493131;0,175681035;17
Mongagua;2013;698534;86;17360;3909;48787;4121;3924;3841;15,44;3531100;11886;24,36304753;22,51728111;0,177034866;17
Mongagua;2014;790877;84;18573;4166;49687;4334;4064;3942;15,72;3531100;12340;24,83547004;22,43040973;0,169118683;17
Mongagua;2015;599650;73;19462;4358;50603;4565;4207;4043;16,01;3531100;12815;25,3245855;22,39235433;0,144200937;17
Mongagua;2016;599650;;;;51380;4443;4397;4176;16,19;3531100;13016;25,33281432;;;17
Monte Alegre do Sul;2010;125375;51;4238;1235;7145;556;565;557;15,82;3531209;1678;23,48495451;29,14110429;0,714625612;6
Monte Alegre do Sul;2011;151124;57;4519;1308;7211;552;579;567;15,95;3531209;1698;23,5473582;28,94445674;0,795451394;6
Monte Alegre do Sul;2012;151648;72;4841;1375;7278;550;586;579;16,13;3531209;1715;23,56416598;28,40322247;0,991206375;6
Monte Alegre do Sul;2013;151912;78;5143;1416;7347;546;587;595;16,29;3531209;1728;23,519804;27,53256854;1,0600245;6
Monte Alegre do Sul;2014;176459;89;5322;1459;7415;542;594;610;16,52;3531209;1746;23,54686446;27,41450582;1,194470668;6
Monte Alegre do Sul;2015;151304;92;5494;1472;7484;538;601;612;16,73;3531209;1751;23,39657937;26,79286494;1,224879743;6
Monte Alegre do Sul;2016;151304;;;;7536;519;595;629;17,16;3531209;1743;23,12898089;;;6
Monte Alto;2010;1004634;67;30219;10815;46616;3581;3873;4106;14,58;3531308;11560;24,7983525;35,78874218;0,143191179;40
Monte Alto;2011;1114111;70;32220;11738;46824;3555;3824;4068;14,96;3531308;11447;24,44686486;36,43078833;0,149581411;40
Monte Alto;2012;1308174;72;33749;12402;47032;3525;3774;4036;15,35;3531308;11335;24,10061235;36,74775549;0,153682599;40
Monte Alto;2013;1444219;74;35334;12849;47242;3495;3724;3996;15,76;3531308;11215;23,73946912;36,36440822;0,156365099;40
Monte Alto;2014;1520055;74;36508;13244;47453;3466;3672;3957;16,15;3531308;11095;23,38102965;36,27698039;0,156175584;40
Monte Alto;2015;1278239;76;37447;13560;47664;3434;3619;3916;16,56;3531308;10969;23,01317556;36,21117847;0,159050856;40
Monte Alto;2016;1278239;;;;47811;3282;3588;3862;17,07;3531308;10732;22,44671728;;;40
Monte Aprazivel;2010;409117;78;11762;2272;21716;1596;1874;1897;15,33;3531407;5367;24,71449622;19,31644278;0,358491435;61
Monte Aprazivel;2011;453393;71;12478;2409;21923;1563;1844;1921;15,64;3531407;5328;24,30324317;19,30597852;0,323952014;61
Monte Aprazivel;2012;519522;77;13266;2569;22133;1530;1813;1945;15,95;3531407;5288;23,89192608;19,36529474;0,347896806;61
Monte Aprazivel;2013;580018;74;13969;2663;22345;1496;1784;1970;16,28;3531407;5250;23,49518908;19,06364092;0,330498993;61
Monte Aprazivel;2014;602663;81;14700;2810;22557;1463;1753;2003;16,58;3531407;5219;23,13694197;19,11564626;0,358292326;61
Monte Aprazivel;2015;512943;81;15160;2904;22773;1430;1723;2023;16,92;3531407;5176;22,72866992;19,15567282;0,355816098;61
Monte Aprazivel;2016;512943;;;;22909;1417;1679;1981;17,29;3531407;5077;22,16159588;;;61
Monte Azul Paulista;2010;266528;67;8957;1921;18936;1594;1694;1615;14,01;3531506;4903;25,89247993;21,44691303;0,352080693;23
Monte Azul Paulista;2011;277012;60;9708;2154;18859;1558;1653;1608;14,35;3531506;4819;25,55278647;22,18788628;0,316983933;23
Monte Azul Paulista;2012;322911;61;10529;2379;18782;1521;1613;1600;14,73;3531506;4734;25,20498349;22,59473834;0,32600362;23
Monte Azul Paulista;2013;352375;61;11223;2524;18705;1485;1570;1592;15,09;3531506;4647;24,8436247;22,48953043;0,324672547;23
Monte Azul Paulista;2014;397493;64;11825;2652;18630;1450;1530;1578;15,46;3531506;4558;24,46591519;22,42706131;0,341009125;23
Monte Azul Paulista;2015;323264;60;12232;2751;18554;1414;1490;1572;15,85;3531506;4476;24,12417807;22,49018967;0,322571952;23
Monte Azul Paulista;2016;323264;;;;18481;1339;1460;1532;16,34;3531506;4331;23,43487906;;;23
Monte Castelo;2010;59665;67;1375;278;4063;309;302;288;18,04;3531605;899;22,12650751;20,21818182;1,640905735;20
Monte Castelo;2011;58634;69;1539;319;4053;318;301;288;18,48;3531605;907;22,37848507;20,72774529;1,692326672;20
Monte Castelo;2012;68884;76;1693;353;4045;310;301;291;18,94;3531605;902;22,29913473;20,85056113;1,884301607;20
Monte Castelo;2013;74858;64;1842;378;4035;315;301;290;19,43;3531605;906;22,4535316;20,52117264;1,581908302;20
Monte Castelo;2014;71805;63;1964;377;4027;312;300;292;19,94;3531605;904;22,44847281;19,19551935;1,556990315;20
Monte Castelo;2015;66769;59;2024;385;4017;304;301;292;20,44;3531605;897;22,33009709;19,02173913;1,457804332;20
Monte Castelo;2016;66769;;;;4011;292;308;291;21,02;3531605;891;22,21391174;;;20
Monte Mor;2010;1924685;74;16467;3258;48839;4338;4543;4408;9,17;3531803;13289;27,20981183;19,78502459;0,150965417;21
Monte Mor;2011;2312969;74;18414;3669;49883;4445;4604;4535;9,42;3531803;13584;27,23172223;19,92505702;0,149149009;21
Monte Mor;2012;2622766;73;20234;3940;50949;4554;4662;4663;9,68;3531803;13879;27,24096646;19,47217555;0,143005751;21
Monte Mor;2013;2757657;71;22164;4226;52039;4662;4724;4792;9,94;3531803;14178;27,2449509;19,06695542;0,135859644;21
Monte Mor;2014;2950248;72;24197;4469;53151;4770;4780;4926;10,21;3531803;14476;27,23561175;18,46923172;0,13474817;21
Monte Mor;2015;2513665;73;25827;4694;54288;4880;4836;5059;10,48;3531803;14775;27,21595933;18,17477833;0,134928529;21
Monte Mor;2016;2513665;;;;55313;4726;4943;5126;10,75;3531803;14795;26,74778081;;;21
Monteiro Lobato;2010;40125;78;2597;546;4116;341;286;285;14,87;3531704;912;22,1574344;21,02425876;1,899902818;33
Monteiro Lobato;2011;38905;73;2594;547;4152;349;300;289;15,17;3531704;938;22,59152216;21,08712413;1,747591522;33
Monteiro Lobato;2012;42623;71;2596;548;4187;366;314;292;15,5;3531704;972;23,2147122;21,10939908;1,695247194;33
Monteiro Lobato;2013;50561;65;2692;545;4224;375;328;297;15,81;3531704;1000;23,67424242;20,24517088;1,543560606;33
Monteiro Lobato;2014;50385;66;2779;551;4261;380;344;302;16,1;3531704;1026;24,07885473;19,827276;1,554329969;33
Monteiro Lobato;2015;44520;70;2817;558;4298;381;360;305;16,45;3531704;1046;24,33690088;19,80830671;1,636807818;33
Monteiro Lobato;2016;44520;;;;4330;378;367;318;16,84;3531704;1063;24,54965358;;;33
Moncoes;2010;63056;83;1115;188;2131;124;175;153;18,49;3531001;452;21,2106992;16,86098655;3,899577663;11
Moncoes;2011;50154;97;1257;211;2137;125;164;157;18,86;3531001;446;20,87037904;16,78599841;4,551240056;11
Moncoes;2012;75601;100;1478;214;2143;127;154;162;19,13;3531001;443;20,6719552;14,47902571;4,666355576;11
Moncoes;2013;56932;95;1546;222;2148;129;144;167;19,51;3531001;440;20,48417132;14,35963777;4,40735568;11
Moncoes;2014;66467;73;1616;231;2154;131;134;172;19,78;3531001;437;20,28783658;14,29455446;3,376508821;11
Moncoes;2015;62442;71;1628;234;2160;133;126;177;20,23;3531001;436;20,18518519;14,37346437;3,281944444;11
Moncoes;2016;62442;;;;2163;129;127;166;20,57;3531001;422;19,5099399;;;11
Morro Agudo;2010;741486;61;11733;3028;29083;2547;2920;2968;9,3;3531902;8435;29,00319774;25,80755135;0,208541072;42
Morro Agudo;2011;816788;62;12744;3344;29412;2541;2849;2967;9,55;3531902;8357;28,41357269;26,23979912;0,211138311;42
Morro Agudo;2012;916567;57;13636;3603;29745;2535;2780;2962;9,81;3531902;8277;27,82652547;26,42270461;0,191696083;42
Morro Agudo;2013;1015886;56;14819;3938;30081;2526;2711;2960;10,08;3531902;8197;27,24975898;26,57399285;0,187128087;42
Morro Agudo;2014;994859;59;15697;4187;30422;2517;2643;2959;10,33;3531902;8119;26,68792321;26,67388673;0,193905726;42
Morro Agudo;2015;897117;53;16232;4371;30766;2507;2575;2950;10,62;3531902;8032;26,10674121;26,9282898;0,171585516;42
Morro Agudo;2016;897117;;;;31073;2456;2569;2880;10,93;3531902;7905;25,44009268;;;42
Morungaba;2010;328941;68;6379;1123;11752;986;1044;1057;11,75;3532009;3087;26,2678693;17,60464023;0,580752212;10
Morungaba;2011;352524;66;6842;1205;11904;994;1045;1075;12;3532009;3114;26,15927419;17,61180941;0,551495296;10
Morungaba;2012;374510;71;7331;1245;12060;1004;1046;1076;12,25;3532009;3126;25,92039801;16,98267631;0,584742952;10
Morungaba;2013;411255;68;7865;1284;12216;1010;1047;1090;12,52;3532009;3147;25,76129666;16,32549269;0,558939096;10
Morungaba;2014;430940;65;8344;1341;12374;1018;1046;1107;12,77;3532009;3171;25,62631324;16,07142857;0,528446743;10
Morungaba;2015;379634;64;8754;1401;12535;1025;1045;1109;13,05;3532009;3179;25,36098923;16,00411241;0,512963702;10
Morungaba;2016;379634;;;;12674;993;1052;1115;13,33;3532009;3160;24,93293356;;;10
Motuca;2010;70839;79;1628;248;4286;392;375;384;10,92;3532058;1151;26,85487634;15,23341523;1,852543164;
Motuca;2011;73058;73;1736;256;4322;378;379;389;11,31;3532058;1146;26,51550208;14,74654378;1,683711245;
Motuca;2012;62921;68;1846;283;4359;367;391;383;11,75;3532058;1141;26,17572838;15,3304442;1,561367286;
Motuca;2013;66616;60;1994;310;4395;353;396;382;12,17;3532058;1131;25,7337884;15,54663992;1,374061433;
Motuca;2014;65397;60;2095;309;4432;341;400;380;12,61;3532058;1121;25,2933213;14,74940334;1,360559567;
Motuca;2015;67766;60;2154;322;4469;329;396;380;13,13;3532058;1105;24,72588946;14,94893222;1,335645558;
Motuca;2016;67766;;;;4502;328;382;384;13,64;3532058;1094;24,30031097;;;
Murutinga do Sul;2010;43860;61;1418;310;4184;297;266;268;19,17;3532108;831;19,86137667;21,86177715;1,449808795;16
Murutinga do Sul;2011;45989;58;1592;346;4195;302;275;271;19,55;3532108;848;20,21454112;21,73366834;1,378784267;16
Murutinga do Sul;2012;49271;56;1722;373;4206;309;286;276;19,9;3532108;871;20,70851165;21,66085947;1,329291488;16
Murutinga do Sul;2013;52510;68;1857;396;4217;315;294;277;20,3;3532108;886;21,01019682;21,32471729;1,618449134;16
Murutinga do Sul;2014;51651;76;1986;422;4228;319;304;281;20,74;3532108;904;21,38126774;21,24874119;1,789498581;16
Murutinga do Sul;2015;48656;66;2063;435;4239;325;315;284;21,16;3532108;924;21,79759377;21,08579738;1,54824251;16
Murutinga do Sul;2016;48656;;;;4247;311;320;292;21,47;3532108;923;21,73298799;;;16
Nantes;2010;55947;88;617;65;2703;239;241;210;10,28;3532157;690;25,52719201;10,53484603;3,237143914;14
Nantes;2011;58841;73;689;75;2741;244;243;218;10,4;3532157;705;25,72053995;10,88534107;2,68040861;14
Nantes;2012;71110;84;768;83;2779;250;246;227;10,65;3532157;723;26,01655272;10,80729167;3,022670025;14
Nantes;2013;60780;79;851;90;2817;259;248;237;10,86;3532157;744;26,41107561;10,57579318;2,821796237;14
Nantes;2014;58497;69;915;93;2856;264;250;245;11,03;3532157;759;26,57563025;10,16393443;2,415616246;14
Nantes;2015;61035;70;954;100;2896;266;252;254;11,22;3532157;772;26,65745856;10,48218029;2,432320442;14
Nantes;2016;61035;;;;2930;266;257;256;11,47;3532157;779;26,58703072;;;14
Narandiba;2010;127843;62;1357;249;4283;430;362;337;10,95;3532207;1129;26,36002802;18,34929993;1,440345552;3
Narandiba;2011;156104;64;1496;275;4337;428;378;344;11,07;3532207;1150;26,5160249;18,38235294;1,474521559;3
Narandiba;2012;158579;67;1580;272;4392;414;394;353;11,25;3532207;1161;26,43442623;17,21518987;1,524134791;3
Narandiba;2013;165729;70;1690;291;4447;401;415;361;11,4;3532207;1177;26,46728131;17,21893491;1,574994378;3
Narandiba;2014;154814;86;1817;305;4504;392;428;370;11,59;3532207;1190;26,42095915;16,78591084;1,910079929;3
Narandiba;2015;152614;78;1917;316;4561;382;445;377;11,77;3532207;1204;26,3977198;16,48408972;1,704231528;3
Narandiba;2016;152614;;;;4616;376;442;393;12,05;3532207;1211;26,23483536;;;3
Natividade da Serra;2010;46471;56;1578;409;6680;520;441;466;17,16;3532306;1427;21,36227545;25,91888466;0,831736527;23
Natividade da Serra;2011;49822;68;1763;452;6680;535;453;457;17,57;3532306;1445;21,63173653;25,63811685;1,014520958;23
Natividade da Serra;2012;48498;75;1974;486;6680;552;464;447;18,1;3532306;1463;21,9011976;24,62006079;1,123802395;23
Natividade da Serra;2013;54085;74;2117;517;6679;566;476;438;18,55;3532306;1480;22,15900584;24,42135097;1,113040874;23
Natividade da Serra;2014;66370;71;2255;546;6679;589;487;427;19,01;3532306;1503;22,50336877;24,21286031;1,07007037;23
Natividade da Serra;2015;53049;66;2414;586;6679;594;499;418;19,51;3532306;1511;22,62314718;24,27506214;0,981284623;23
Natividade da Serra;2016;53049;;;;6683;566;514;429;19,84;3532306;1509;22,57967978;;;23
Nazare Paulista;2010;211669;62;6947;1783;16396;1375;1409;1318;14,13;3532405;4102;25,01829715;25,665755;0,376372286;48
Nazare Paulista;2011;215133;65;7930;1999;16602;1403;1421;1356;14,27;3532405;4180;25,17768944;25,20807062;0,390615588;48
Nazare Paulista;2012;240960;69;8840;2161;16810;1429;1434;1393;14,44;3532405;4256;25,31826294;24,44570136;0,409577632;48
Nazare Paulista;2013;289208;67;9687;2310;17021;1453;1448;1431;14,59;3532405;4332;25,45091358;23,84639207;0,392573879;48
Nazare Paulista;2014;312053;70;10282;2431;17236;1480;1461;1471;14,72;3532405;4412;25,59758645;23,64326007;0,405082386;48
Nazare Paulista;2015;253805;68;10747;2545;17452;1509;1472;1509;14,88;3532405;4490;25,72771029;23,68102726;0,390786156;48
Nazare Paulista;2016;253805;;;;17646;1455;1498;1519;15,09;3532405;4472;25,3428539;;;48
Neves Paulista;2010;140229;78;3940;725;8773;586;699;731;18,49;3532504;2016;22,97959649;18,40101523;0,889205517;18
Neves Paulista;2011;153481;75;4157;754;8762;574;674;733;18,84;3532504;1981;22,60899338;18,13808035;0,850833143;18
Neves Paulista;2012;142099;65;4465;814;8750;566;651;713;19,26;3532504;1930;22,05714286;18,23068309;0,737714286;18
Neves Paulista;2013;150213;61;4689;852;8739;553;625;717;19,64;3532504;1895;21,68440325;18,17018554;0,697905939;18
Neves Paulista;2014;155909;68;4938;873;8727;543;602;700;20,03;3532504;1845;21,14128567;17,67922236;0,778274321;18
Neves Paulista;2015;148386;72;5082;900;8716;532;580;691;20,45;3532504;1803;20,68609454;17,70956316;0,83111519;18
Neves Paulista;2016;148386;;;;8697;511;569;666;20,94;3532504;1746;20,07588824;;;18
Nhandeara;2010;185309;81;4875;881;10720;741;866;818;18,44;3532603;2425;22,62126866;18,07179487;0,75625;67
Nhandeara;2011;215443;82;5297;966;10735;723;851;830;18,85;3532603;2404;22,39403819;18,23673778;0,766185375;67
Nhandeara;2012;235633;79;5758;1037;10750;708;821;844;19,29;3532603;2373;22,0744186;18,0097256;0,739162791;67
Nhandeara;2013;244526;81;6153;1112;10765;690;800;857;19,72;3532603;2347;21,80213655;18,07248497;0,747793776;67
Nhandeara;2014;251723;80;6442;1150;10780;673;776;879;20,16;3532603;2328;21,59554731;17,85159888;0,74406308;67
Nhandeara;2015;226527;83;6698;1220;10795;657;755;882;20,61;3532603;2294;21,25057897;18,21439236;0,765910144;67
Nhandeara;2016;226527;;;;10793;631;737;865;21,14;3532603;2233;20,68933568;;;67
Nipoa;2010;65808;48;1764;363;4264;351;441;398;11,89;3532702;1190;27,90806754;20,57823129;1,125703565;
Nipoa;2011;74488;53;1950;393;4340;347;437;415;12,05;3532702;1199;27,62672811;20,15384615;1,221889401;
Nipoa;2012;74410;59;2204;439;4418;344;421;439;12,22;3532702;1204;27,25215029;19,91833031;1,344273427;
Nipoa;2013;76594;54;2395;438;4497;340;413;457;12,39;3532702;1210;26,90682677;18,28810021;1,196575495;
Nipoa;2014;83159;50;2526;443;4578;337;402;476;12,58;3532702;1215;26,53997379;17,53760887;1,097859327;
Nipoa;2015;74892;59;2591;463;4660;333;393;489;12,81;3532702;1215;26,07296137;17,86954844;1,274248927;
Nipoa;2016;74892;;;;4720;325;386;483;12,94;3532702;1194;25,29661017;;;
Nova Alianca;2010;67731;65;2294;355;5881;440;474;471;16,37;3532801;1385;23,5504166;15,47515257;1,112055773;22
Nova Alianca;2011;78593;64;2481;392;5940;449;475;487;16,48;3532801;1411;23,75420875;15,80008061;1,071885522;22
Nova Alianca;2012;82223;60;2704;428;6000;458;477;492;16,62;3532801;1427;23,78333333;15,82840237;0,992666667;22
Nova Alianca;2013;89026;61;2922;468;6061;466;479;500;16,71;3532801;1445;23,84095034;16,0164271;1,007919485;22
Nova Alianca;2014;90489;59;3123;506;6122;475;479;514;16,84;3532801;1468;23,9790918;16,20236952;0,960143744;22
Nova Alianca;2015;81612;50;3271;535;6184;484;480;517;16,95;3532801;1481;23,94890039;16,35585448;0,8114489;22
Nova Alianca;2016;81612;;;;6237;461;487;523;17,22;3532801;1471;23,58505692;;;22
Nova Campina;2010;193882;50;1123;300;8504;903;699;736;7,81;3532827;2338;27,4929445;26,7141585;0,587958608;
Nova Campina;2011;304795;53;1276;379;8613;933;739;732;8,01;3532827;2404;27,91129688;29,70219436;0,610588645;
Nova Campina;2012;300815;56;1420;426;8723;964;779;726;8,22;3532827;2469;28,3044824;30;0,643471283;
Nova Campina;2013;339793;60;1574;459;8836;996;821;720;8,43;3532827;2537;28,71208692;29,1613723;0,682435491;
Nova Campina;2014;348782;63;1762;513;8949;1020;866;714;8,65;3532827;2600;29,05352553;29,11464245;0,704547994;
Nova Campina;2015;297613;61;1942;574;9064;1052;911;706;8,88;3532827;2669;29,44616064;29,55715757;0,675308914;
Nova Campina;2016;297613;;;;9183;1004;942;746;9,14;3532827;2692;29,31503866;;;
Nova Canaa Paulista;2010;22721;81;663;115;2117;138;124;119;21,07;3532843;381;17,9971658;17,3453997;3,823807274;2
Nova Canaa Paulista;2011;24292;85;708;115;2098;139;125;118;21,73;3532843;382;18,20781697;16,24293785;4,037654909;2
Nova Canaa Paulista;2012;23425;78;777;120;2077;140;126;117;22,53;3532843;383;18,44005778;15,44401544;3,751083293;2
Nova Canaa Paulista;2013;25954;76;848;136;2058;141;126;116;23,32;3532843;383;18,61030126;16,03773585;3,67249757;2
Nova Canaa Paulista;2014;32353;82;919;144;2039;143;127;115;24,13;3532843;385;18,88180481;15,66920566;4,028445316;2
Nova Canaa Paulista;2015;25749;84;957;146;2020;144;128;114;24,9;3532843;386;19,10891089;15,25600836;4,135148515;2
Nova Canaa Paulista;2016;25749;;;;2003;133;130;115;25,61;3532843;378;18,87169246;;;2
Nova Castilho;2010;27841;61;423;64;1124;98;74;87;14,95;3532868;259;23,04270463;15,13002364;5,452846975;
Nova Castilho;2011;30503;69;467;69;1130;106;78;84;15,31;3532868;268;23,71681416;14,7751606;6,126548673;
Nova Castilho;2012;28663;69;500;73;1136;107;83;81;15,49;3532868;271;23,8556338;14,6;6,05193662;
Nova Castilho;2013;32421;57;546;75;1143;107;87;79;15,84;3532868;273;23,88451444;13,73626374;4,979877515;
Nova Castilho;2014;31156;49;590;84;1149;106;93;76;16,1;3532868;275;23,93385553;14,23728814;4,282854656;
Nova Castilho;2015;30117;68;601;83;1155;98;98;74;16,45;3532868;270;23,37662338;13,81031614;5,875324675;
Nova Castilho;2016;30117;;;;1159;90;105;78;16,82;3532868;273;23,55478861;;;
Nova Europa;2010;185758;74;3330;344;9281;769;856;866;10,75;3532900;2491;26,8397802;10,33033033;0,800452537;18
Nova Europa;2011;192745;74;3696;388;9429;775;854;888;10,98;3532900;2517;26,69424117;10,4978355;0,785024923;18
Nova Europa;2012;262697;69;4010;429;9580;783;854;896;11,19;3532900;2533;26,44050104;10,69825436;0,716179541;18
Nova Europa;2013;255606;67;4355;448;9734;789;852;910;11,43;3532900;2551;26,2071091;10,28702641;0,687795356;18
Nova Europa;2014;273362;58;4663;481;9890;794;850;933;11,7;3532900;2577;26,05662285;10,31524769;0,582103134;18
Nova Europa;2015;234034;50;4817;508;10048;800;849;943;11,94;3532900;2592;25,79617834;10,54598298;0,500796178;18
Nova Europa;2016;234034;;;;10184;790;852;947;12,22;3532900;2589;25,42223095;;;18
Nova Granada;2010;209746;75;8775;2444;19161;1524;1734;1702;13,76;3533007;4960;25,8859141;27,85185185;0,391263504;38
Nova Granada;2011;229327;77;9484;2650;19341;1536;1710;1729;13,97;3533007;4975;25,7225583;27,94179671;0,399358875;38
Nova Granada;2012;261771;84;10189;2782;19523;1546;1685;1753;14,19;3533007;4984;25,52886339;27,30395525;0,431798392;38
Nova Granada;2013;291430;85;10851;2886;19707;1556;1659;1778;14,4;3533007;4993;25,33617496;26,59662704;0,433754503;38
Nova Granada;2014;341010;77;11460;2993;19892;1567;1634;1801;14,6;3533007;5002;25,14578725;26,11692845;0,389302232;38
Nova Granada;2015;266657;74;11902;3093;20079;1576;1608;1829;14,83;3533007;5013;24,96638279;25,98722904;0,367199562;38
Nova Granada;2016;266657;;;;20245;1511;1617;1798;15,16;3533007;4926;24,33193381;;;38
Nova Guataporanga;2010;16634;67;754;138;2176;150;160;146;18,47;3533106;456;20,95588235;18,30238727;3,080422794;8
Nova Guataporanga;2011;17627;68;843;163;2178;154;159;150;18,78;3533106;463;21,25803489;19,33570581;3,110192837;8
Nova Guataporanga;2012;21043;67;935;172;2180;160;159;155;19,17;3533106;474;21,74311927;18,39572193;3,058256881;8
Nova Guataporanga;2013;25949;73;1025;184;2182;165;158;158;19,52;3533106;481;22,04399633;17,95121951;3,333180568;8
Nova Guataporanga;2014;27061;71;1097;202;2184;176;156;161;20,01;3533106;493;22,57326007;18,41385597;3,239468864;8
Nova Guataporanga;2015;21663;67;1112;209;2186;174;155;165;20,63;3533106;494;22,59835316;18,79496403;3,079139982;8
Nova Guataporanga;2016;21663;;;;2187;174;159;163;21,03;3533106;496;22,67946959;;;8
Nova Independencia;2010;58375;80;917;141;3058;272;263;276;10,89;3533205;811;26,5206017;15,37622683;2,628188358;24
Nova Independencia;2011;72348;82;1059;165;3129;274;272;286;10,96;3533205;832;26,58996484;15,58073654;2,611377437;24
Nova Independencia;2012;68431;77;1168;179;3201;276;281;291;11,06;3533205;848;26,49172134;15,32534247;2,419243986;24
Nova Independencia;2013;76158;91;1290;200;3275;277;291;300;11,18;3533205;868;26,50381679;15,50387597;2,789618321;24
Nova Independencia;2014;84593;94;1409;218;3352;279;308;297;11,25;3533205;884;26,37231504;15,47196593;2,800417661;24
Nova Independencia;2015;71981;90;1477;221;3429;281;311;303;11,43;3533205;895;26,10090405;14,96276236;2,633420822;24
Nova Independencia;2016;71981;;;;3488;279;316;311;11,73;3533205;906;25,97477064;;;24
Nova Luzitania;2010;27900;73;1086;194;3435;249;308;359;12,66;3533304;916;26,66666667;17,86372007;2,113537118;7
Nova Luzitania;2011;30949;76;1213;214;3501;255;303;361;12,82;3533304;919;26,24964296;17,6422094;2,175378463;7
Nova Luzitania;2012;32012;76;1290;234;3568;261;299;361;12,95;3533304;921;25,81278027;18,13953488;2,129204036;7
Nova Luzitania;2013;36687;75;1396;245;3637;268;294;353;13,12;3533304;915;25,15809733;17,55014327;2,053340665;7
Nova Luzitania;2014;36770;67;1486;257;3707;272;289;351;13,33;3533304;912;24,60210413;17,29475101;1,814944699;7
Nova Luzitania;2015;32864;67;1564;279;3778;279;284;348;13,5;3533304;911;24,11328745;17,83887468;1,780571731;7
Nova Luzitania;2016;32864;;;;3830;278;288;342;13,84;3533304;908;23,7075718;;;7
Nova Odessa;2010;1598463;83;29296;6992;51158;4156;4427;4753;10,87;3533403;13336;26,06825912;23,86673949;0,162320654;13
Nova Odessa;2011;1828878;81;31706;7523;51887;4168;4453;4774;11,21;3533403;13395;25,81571492;23,72737021;0,155491742;13
Nova Odessa;2012;1985036;84;33932;7889;52628;4178;4477;4795;11,55;3533403;13450;25,55673786;23,24944006;0,159192825;13
Nova Odessa;2013;2294132;83;36113;8150;53378;4187;4500;4814;11,9;3533403;13501;25,29319195;22,56805029;0,155757053;13
Nova Odessa;2014;2480005;86;38167;8429;54139;4193;4519;4832;12,27;3533403;13544;25,01708565;22,08452328;0,158517889;13
Nova Odessa;2015;2037303;84;39673;8626;54911;4197;4538;4848;12,64;3533403;13583;24,73639162;21,74274696;0,153757899;13
Nova Odessa;2016;2037303;;;;55523;4079;4532;4858;13,1;3533403;13469;24,25841543;;;13
Novais;2010;41072;60;1449;276;4578;446;531;459;10,73;3533254;1436;31,36740935;19,04761905;1,307121014;
Novais;2011;44962;53;1549;312;4677;433;525;483;10,69;3533254;1441;30,81034851;20,14202711;1,134060295;
Novais;2012;52473;61;1671;326;4778;420;522;508;10,61;3533254;1450;30,3474257;19,50927588;1,26977815;
Novais;2013;50050;64;1810;370;4881;407;512;538;10,55;3533254;1457;29,85044048;20,44198895;1,31018234;
Novais;2014;45449;59;1933;398;4986;393;504;563;10,55;3533254;1460;29,28198957;20,58975685;1,189129563;
Novais;2015;46801;54;2011;411;5094;380;497;589;10,54;3533254;1466;28,77895563;20,43759324;1,057714959;
Novais;2016;46801;;;;5174;381;480;584;10,63;3533254;1445;27,92810205;;;
Novo Horizonte;2010;577510;66;19242;4925;36556;2831;3146;3023;14,3;3533502;9000;24,61976146;25,59505249;0,180900536;57
Novo Horizonte;2011;646343;71;20586;5248;36809;2813;3102;3072;14,59;3533502;8987;24,41522454;25,49305353;0,191556413;57
Novo Horizonte;2012;722201;73;22298;5783;37064;2792;3063;3120;14,9;3533502;8975;24,21487157;25,93506144;0,196902655;57
Novo Horizonte;2013;787442;71;24183;6258;37320;2773;3021;3170;15,2;3533502;8964;24,0192926;25,87768267;0,191371919;57
Novo Horizonte;2014;817024;75;25354;6532;37578;2753;2981;3217;15,51;3533502;8951;23,81978817;25,76319318;0,199292139;57
Novo Horizonte;2015;710104;77;26421;6804;37838;2731;2940;3267;15,82;3533502;8938;23,62175591;25,75224253;0,202679846;57
Novo Horizonte;2016;710104;;;;38059;2688;2917;3216;16,21;3533502;8821;23,17717229;;;57
Nuporanga;2010;291746;66;2732;261;6813;556;639;546;13,25;3533601;1741;25,55408777;9,553440703;0,963305445;7
Nuporanga;2011;351457;66;2936;305;6861;553;631;568;13,54;3533601;1752;25,5356362;10,38828338;0,956566098;7
Nuporanga;2012;381130;68;3153;328;6910;551;617;591;13,85;3533601;1759;25,45586107;10,40279099;0,985672938;7
Nuporanga;2013;360199;62;3326;346;6958;547;601;614;14,21;3533601;1762;25,32336878;10,40288635;0,89091693;7
Nuporanga;2014;376717;59;3537;363;7007;544;587;644;14,53;3533601;1775;25,33181105;10,26293469;0,845582988;7
Nuporanga;2015;352250;53;3682;386;7057;540;574;659;14,92;3533601;1773;25,12399036;10,48343292;0,757545699;7
Nuporanga;2016;352250;;;;7099;522;570;652;15,41;3533601;1744;24,5668404;;;7
Ocaucu;2010;51945;52;1488;257;4163;338;368;312;14,58;3533700;1018;24,4535191;17,27150538;1,260629354;30
Ocaucu;2011;50885;57;1571;276;4161;335;363;319;14,97;3533700;1017;24,44124009;17,56842775;1,359528959;30
Ocaucu;2012;57062;57;1706;305;4158;333;355;326;15,32;3533700;1014;24,38672439;17,87807737;1,374218374;30
Ocaucu;2013;75098;60;1887;325;4156;330;348;333;15,71;3533700;1011;24,32627526;17,22310546;1,443695861;30
Ocaucu;2014;85745;57;2026;349;4153;328;330;346;16,16;3533700;1004;24,17529497;17,2260612;1,365278112;30
Ocaucu;2015;64147;55;2148;374;4151;325;321;348;16,6;3533700;994;23,9460371;17,41154562;1,316309323;30
Ocaucu;2016;64147;;;;4150;315;319;343;17,04;3533700;977;23,54216867;;;30
Oleo;2010;30900;56;824;112;2676;220;171;172;17,83;3533809;563;21,03886398;13,59223301;2,103886398;3
Oleo;2011;35418;65;910;128;2657;220;177;169;18,37;3533809;566;21,30222055;14,06593407;2,435453519;3
Oleo;2012;39171;59;1014;138;2638;220;183;164;18,92;3533809;567;21,49355572;13,60946746;2,229719484;3
Oleo;2013;60506;64;1094;145;2620;219;190;161;19,39;3533809;570;21,75572519;13,25411335;2,429007634;3
Oleo;2014;77232;64;1155;150;2601;216;196;157;19,99;3533809;569;21,87620146;12,98701299;2,46520569;3
Oleo;2015;48645;73;1182;148;2583;206;203;154;20,63;3533809;563;21,79636082;12,52115059;2,824235385;3
Oleo;2016;48645;;;;2572;209;201;161;21,19;3533809;571;22,20062208;;;3
Olimpia;2010;1185866;79;25998;6272;49989;3902;4431;4447;14,75;3533908;12780;25,56562444;24,12493269;0,158894957;76
Olimpia;2011;1285093;77;27963;6918;50263;3825;4331;4458;15,06;3533908;12614;25,09599507;24,73983478;0,153990013;76
Olimpia;2012;1398155;80;29986;7447;50537;3750;4234;4464;15,36;3533908;12448;24,63145814;24,83492296;0,158616459;76
Olimpia;2013;1488933;79;31799;7848;50813;3674;4138;4472;15,67;3533908;12284;24,17491587;24,68002138;0,154901305;76
Olimpia;2014;1587458;80;33439;8123;51092;3598;4041;4482;15,98;3533908;12121;23,72387066;24,29199438;0,156404134;76
Olimpia;2015;1389101;79;34831;8456;51371;3523;3947;4484;16,29;3533908;11954;23,26993829;24,27722431;0,153530202;76
Olimpia;2016;1389101;;;;51598;3467;3870;4384;16,68;3533908;11721;22,71599674;;;76
Onda Verde;2010;129015;71;1384;201;3880;326;349;305;12,53;3534005;980;25,25773196;14,52312139;1,820103093;12
Onda Verde;2011;127266;75;1495;213;3915;327;356;316;12,57;3534005;999;25,51724138;14,24749164;1,919029374;12
Onda Verde;2012;160512;68;1555;218;3951;329;349;328;12,66;3534005;1006;25,46190838;14,0192926;1,713237155;12
Onda Verde;2013;190164;70;1647;223;3987;330;348;342;12,72;3534005;1020;25,58314522;13,53976928;1,765989466;12
Onda Verde;2014;181185;74;1768;246;4023;332;344;359;12,8;3534005;1035;25,72706935;13,91402715;1,845389013;12
Onda Verde;2015;157628;80;1825;243;4060;333;342;367;12,91;3534005;1042;25,66502463;13,31506849;1,977832512;12
Onda Verde;2016;157628;;;;4093;328;343;374;13,24;3534005;1045;25,53139506;;;12
Oriente;2010;57598;70;1991;321;6095;482;536;492;15,32;3534104;1510;24,77440525;16,12255148;1,155373257;12
Oriente;2011;63416;68;2155;351;6112;478;534;499;15,63;3534104;1511;24,72185864;16,28770302;1,104384817;12
Oriente;2012;71327;66;2357;400;6130;474;510;508;15,95;3534104;1492;24,33931485;16,9707255;1,077814029;12
Oriente;2013;83250;66;2658;408;6146;469;501;521;16,29;3534104;1491;24,25968109;15,34988713;1,06898796;12
Oriente;2014;90937;60;2939;442;6164;464;488;530;16,66;3534104;1482;24,04282933;15,03912896;0,976963011;12
Oriente;2015;73306;46;3114;470;6181;460;477;529;16,99;3534104;1466;23,71784501;15,09312781;0,749393302;12
Oriente;2016;73306;;;;6198;447;474;525;17,41;3534104;1446;23,33010649;;;12
Orindiuva;2010;249229;71;2610;290;5660;481;571;570;8,62;3534203;1622;28,65724382;11,11111111;1,251236749;16
Orindiuva;2011;280908;73;2889;319;5785;486;565;591;8,78;3534203;1642;28,38375108;11,041883;1,253932584;16
Orindiuva;2012;339104;69;3030;354;5913;493;561;605;8,93;3534203;1659;28,05682395;11,68316832;1,174023338;16
Orindiuva;2013;338227;66;3282;379;6044;498;554;621;9,13;3534203;1673;27,68034414;11,54783668;1,086201191;16
Orindiuva;2014;347469;71;3280;407;6177;505;550;633;9,26;3534203;1688;27,32718148;12,40853659;1,144730452;16
Orindiuva;2015;310987;70;3352;432;6314;511;544;641;9,49;3534203;1696;26,86094393;12,88782816;1,106588533;16
Orindiuva;2016;310987;;;;6421;505;547;640;9,78;3534203;1692;26,35103566;;;16
Orlandia;2010;1046217;76;24871;7588;39748;3310;3590;3637;11,74;3534302;10537;26,50950991;30,50942865;0,191003321;36
Orlandia;2011;1152304;83;26253;8068;40017;3275;3535;3631;12,1;3534302;10441;26,09141115;30,7317259;0,206737137;36
Orlandia;2012;1308965;84;27901;8538;40289;3238;3478;3620;12,46;3534302;10336;25,65464519;30,60105373;0,207749013;36
Orlandia;2013;1462454;84;29194;8920;40561;3200;3421;3610;12,83;3534302;10231;25,22373709;30,55422347;0,208180272;36
Orlandia;2014;1536247;84;30322;9337;40837;3162;3363;3591;13,21;3534302;10116;24,77165316;30,79282369;0,205108113;36
Orlandia;2015;1301237;82;31382;9711;41113;3121;3304;3580;13,59;3534302;10005;24,33536837;30,94449047;0,19979082;36
Orlandia;2016;1301237;;;;41341;3043;3269;3525;14,07;3534302;9837;23,79478;;;36
Osasco;2010;43499785;85;303247;49779;666621;53472;61058;63617;9,77;3534401;178147;26,72388059;16,4153314;0,012755374;41
Osasco;2011;47614554;82;329739;55305;667884;53619;59425;62840;10,09;3534401;175884;26,33451318;16,77235632;0,012341964;41
Osasco;2012;50059468;87;356659;59950;669148;53740;57811;62047;10,42;3534401;173598;25,94313963;16,80877253;0,012976203;41
Osasco;2013;54335845;88;377814;63321;670416;53839;56214;61234;10,76;3534401;171287;25,5493604;16,7598342;0,013184351;41
Osasco;2014;58566199;90;395038;66178;671686;53911;54638;60405;11,11;3534401;168954;25,15371766;16,75231244;0,013442293;41
Osasco;2015;50815170;89;403787;68059;672958;53961;53080;59562;11,46;3534401;166603;24,75681989;16,85517364;0,013177643;41
Osasco;2016;50815170;;;;674552;52165;53395;58138;11,88;3534401;163698;24,26766209;;;41
Oscar Bressane;2010;32717;58;909;127;2537;188;198;163;20,38;3534500;549;21,63973197;13,97139714;2,272763106;20
Oscar Bressane;2011;40838;78;997;146;2534;181;203;168;20,72;3534500;552;21,78374112;14,6439318;3,082083662;20
Oscar Bressane;2012;53763;78;1057;144;2531;175;202;174;21,14;3534500;551;21,77005136;13,62346263;3,081785855;20
Oscar Bressane;2013;59193;78;1159;158;2530;169;199;180;21,62;3534500;548;21,66007905;13,63244176;3,096837945;20
Oscar Bressane;2014;59574;78;1242;159;2527;164;195;187;22;3534500;546;21,6066482;12,80193237;3,073209339;20
Oscar Bressane;2015;49217;51;1302;169;2524;159;185;194;22,58;3534500;538;21,31537242;12,98003072;2,024167987;20
Oscar Bressane;2016;49217;;;;2522;152;178;199;22,72;3534500;529;20,97541634;;;20
Osvaldo Cruz;2010;597485;74;16632;3904;30906;2353;2892;2448;17,11;3534609;7693;24,89160681;23,47282347;0,239144503;43
Osvaldo Cruz;2011;667007;77;17862;4215;30951;2333;2893;2448;17,47;3534609;7674;24,79402927;23,59758146;0,24803722;43
Osvaldo Cruz;2012;754065;80;19034;4530;30997;2311;2895;2444;17,87;3534609;7650;24,67980772;23,79951665;0,258154015;43
Osvaldo Cruz;2013;783730;83;20270;4829;31042;2289;2897;2442;18,24;3534609;7628;24,57315895;23,82338431;0,267798467;43
Osvaldo Cruz;2014;832885;86;21226;5095;31088;2267;2896;2438;18,63;3534609;7601;24,44994853;24,00358051;0,277663407;43
Osvaldo Cruz;2015;727034;85;21781;5293;31134;2243;2900;2434;19,03;3534609;7577;24,33673797;24,30099628;0,273013426;43
Osvaldo Cruz;2016;727034;;;;31159;2153;2882;2438;19,47;3534609;7473;23,98343978;;;43
Ourinhos;2010;1791043;71;52957;15800;102955;8470;8550;8508;13,23;3534708;25528;24,79529892;29,83552694;0,069428391;70
Ourinhos;2011;1997484;75;56822;17217;103734;8415;8565;8539;13,57;3534708;25519;24,60042031;30,29988385;0,071847225;70
Ourinhos;2012;2252330;75;60297;18287;104518;8360;8575;8568;13,92;3534708;25503;24,40058172;30,3282087;0,071470943;70
Ourinhos;2013;2588893;74;63827;19270;105310;8301;8585;8595;14,27;3534708;25481;24,1961827;30,19098501;0,070572595;70
Ourinhos;2014;2847364;74;67029;20164;106106;8240;8591;8620;14,64;3534708;25451;23,98639097;30,0825016;0,069317475;70
Ourinhos;2015;2295423;73;69933;20965;106909;8179;8595;8640;15;3534708;25414;23,77161885;29,97869389;0,06862846;70
Ourinhos;2016;2295423;;;;107616;7958;8542;8655;15,38;3534708;25155;23,37477698;;;70
Ouro Verde;2010;76289;69;2199;474;7794;668;672;634;13,88;3534807;1974;25,32717475;21,55525239;0,883243521;2
Ouro Verde;2011;76686;70;2503;540;7842;663;677;641;14,04;3534807;1981;25,2614129;21,57411107;0,890971691;2
Ouro Verde;2012;93386;69;2726;603;7890;657;680;647;14,23;3534807;1984;25,14575412;22,12032282;0,871989861;2
Ouro Verde;2013;96758;68;2981;665;7939;653;679;655;14,41;3534807;1987;25,0283411;22,30795035;0,857034891;2
Ouro Verde;2014;93614;63;3248;732;7987;647;671;661;14,62;3534807;1979;24,77776387;22,53694581;0,792287467;2
Ouro Verde;2015;87347;61;3453;779;8037;642;666;669;14,82;3534807;1977;24,59873087;22,56009267;0,756376757;2
Ouro Verde;2016;87347;;;;8082;631;661;674;15,1;3534807;1966;24,32566196;;;2
Ouroeste;2010;175724;67;3283;671;8385;710;741;728;13,55;3534757;2179;25,98688134;20,43862321;0,796899225;37
Ouroeste;2011;193368;73;3649;748;8530;710;754;748;13,74;3534757;2212;25,93200469;20,49876679;0,856154748;37
Ouroeste;2012;240224;71;4092;844;8677;710;762;770;13,92;3534757;2242;25,83842342;20,62561095;0,812492797;37
Ouroeste;2013;327609;79;4558;947;8827;709;772;791;14,12;3534757;2272;25,73920924;20,77665643;0,891469355;37
Ouroeste;2014;354321;83;4918;1041;8979;709;783;813;14,32;3534757;2305;25,67101013;21,16714111;0,922263058;37
Ouroeste;2015;258249;69;5196;1105;9134;708;793;829;14,56;3534757;2330;25,50908693;21,26635874;0,758375301;37
Ouroeste;2016;258249;;;;9259;684;791;841;14,76;3534757;2316;25,01350038;;;37
Pacaembu;2010;115577;72;4750;663;13220;860;1274;1549;15,53;3534906;3683;27,85930408;13,95789474;0,547276853;14
Pacaembu;2011;128365;73;5024;690;13203;840;1287;1547;15,71;3534906;3674;27,82700901;13,73407643;0,550102249;14
Pacaembu;2012;135934;71;5405;742;13188;820;1299;1530;15,92;3534906;3649;27,66909311;13,7280296;0,537003336;14
Pacaembu;2013;152779;68;5824;811;13171;800;1310;1519;16,13;3534906;3629;27,55295725;13,92513736;0,519019057;14
Pacaembu;2014;160670;71;6165;873;13156;778;1322;1519;16,31;3534906;3619;27,5083612;14,16058394;0,538993615;14
Pacaembu;2015;138665;74;6429;923;13139;759;1332;1500;16,53;3534906;3591;27,3308471;14,35682066;0,5651115;14
Pacaembu;2016;138665;;;;13122;727;1314;1520;16,93;3534906;3561;27,13763146;;;14
Palestina;2010;220100;61;4121;478;11033;857;943;989;16,37;3535002;2789;25,27870933;11,59912643;0,555424635;25
Palestina;2011;204455;65;4482;547;11157;846;944;1007;16,55;3535002;2797;25,06946312;12,20437305;0,584207224;25
Palestina;2012;213745;65;4881;603;11283;836;945;1010;16,72;3535002;2791;24,73632899;12,35402581;0,574403971;25
Palestina;2013;257626;68;5331;640;11411;825;946;1017;16,9;3535002;2788;24,43256507;12,0052523;0,593988257;25
Palestina;2014;274759;67;5658;676;11540;812;946;1042;17,07;3535002;2800;24,26343154;11,94768469;0,581369151;25
Palestina;2015;234137;73;5857;726;11670;801;947;1045;17,24;3535002;2793;23,93316195;12,39542428;0,62167952;25
Palestina;2016;234137;;;;11766;771;930;1041;17,55;3535002;2742;23,30443651;;;25
Palmares Paulista;2010;76974;64;2687;466;10910;979;1335;1264;7,26;3535101;3578;32,79560037;17,34276144;0,586709441;16
Palmares Paulista;2011;83401;58;2934;526;11122;977;1282;1310;7,44;3535101;3569;32,08955224;17,92774369;0,520679734;16
Palmares Paulista;2012;92504;63;3149;566;11338;975;1232;1346;7,62;3535101;3553;31,33709649;17,97395999;0,552213794;16
Palmares Paulista;2013;104137;68;3398;632;11560;971;1182;1387;7,81;3535101;3540;30,62283737;18,59917599;0,585986159;16
Palmares Paulista;2014;100512;66;3654;678;11785;968;1135;1428;7,99;3535101;3531;29,96181587;18,55500821;0,560627917;16
Palmares Paulista;2015;91506;59;3858;711;12014;961;1089;1464;8,19;3535101;3514;29,24920926;18,42923795;0,491426669;16
Palmares Paulista;2016;91506;;;;12204;944;1083;1404;8,44;3535101;3431;28,1137332;;;16
Palmeira d'Oeste;2010;104225;78;4774;855;9590;699;651;608;18,84;3535200;1958;20,41710115;17,90950984;0,812095933;15
Palmeira d'Oeste;2011;106482;75;5079;921;9534;694;654;609;19,23;3535200;1957;20,52653661;18,13349084;0,786028949;15
Palmeira d'Oeste;2012;122300;78;5436;1002;9478;691;658;612;19,68;3535200;1961;20,69001899;18,43267108;0,821164803;15
Palmeira d'Oeste;2013;130514;79;5819;1063;9423;685;660;613;20,13;3535200;1958;20,77894513;18,2677436;0,835508861;15
Palmeira d'Oeste;2014;154537;75;6171;1134;9368;679;661;612;20,55;3535200;1952;20,83689155;18,37627613;0,80059778;15
Palmeira d'Oeste;2015;123612;70;6454;1205;9313;674;664;613;21,02;3535200;1951;20,94921078;18,67059188;0,750026844;15
Palmeira d'Oeste;2016;123612;;;;9276;648;663;619;21,58;3535200;1930;20,80638206;;;15
Palmital;2010;379611;72;10238;2122;21182;1580;1623;1559;16,71;3535309;4762;22,48135209;20,72670443;0,341894061;54
Palmital;2011;436705;73;10801;2243;21227;1592;1608;1567;17,06;3535309;4767;22,45724784;20,76659569;0,344184294;54
Palmital;2012;434056;76;11580;2428;21273;1602;1595;1573;17,4;3535309;4770;22,42278945;20,9671848;0,357119353;54
Palmital;2013;509128;77;12361;2564;21317;1611;1580;1578;17,77;3535309;4769;22,37181592;20,74265836;0,362480649;54
Palmital;2014;503483;78;13073;2713;21362;1623;1567;1584;18,13;3535309;4774;22,34809475;20,7526964;0,363215055;54
Palmital;2015;452597;70;13508;2786;21408;1632;1550;1588;18,52;3535309;4770;22,28139013;20,62481492;0,325906203;54
Palmital;2016;452597;;;;21446;1551;1564;1574;18,89;3535309;4689;21,8642171;;;54
Panorama;2010;165906;66;5802;1783;14575;1314;1252;1197;11,88;3535408;3763;25,81818182;30,73078249;0,451046312;16
Panorama;2011;190649;59;6571;2072;14639;1311;1258;1201;12,2;3535408;3770;25,75312521;31,53249125;0,404467518;16
Panorama;2012;220618;63;7263;2269;14703;1296;1265;1206;12,53;3535408;3767;25,62062164;31,24053421;0,425627423;16
Panorama;2013;242185;59;7749;2395;14767;1285;1272;1210;12,86;3535408;3767;25,50958218;30,90721383;0,398726891;16
Panorama;2014;254502;65;8081;2487;14832;1272;1280;1214;13,21;3535408;3766;25,39104639;30,77589407;0,436084142;16
Panorama;2015;214772;62;8403;2598;14897;1261;1283;1217;13,57;3535408;3761;25,24669397;30,91752945;0,41337182;16
Panorama;2016;214772;;;;14957;1231;1281;1225;13,92;3535408;3737;24,98495688;;;16
Paraguacu Paulista;2010;707336;80;18768;4867;42255;3578;3574;3687;12,85;3535507;10839;25,6514022;25,93243819;0,188948053;121
Paraguacu Paulista;2011;845382;82;20761;5502;42455;3550;3586;3707;13,11;3535507;10843;25,53998351;26,5016136;0,193687434;121
Paraguacu Paulista;2012;914104;85;22637;6009;42656;3521;3598;3729;13,38;3535507;10848;25,43135784;26,54503689;0,199526444;121
Paraguacu Paulista;2013;926191;84;24494;6498;42858;3493;3609;3744;13,65;3535507;10846;25,3068272;26,52894586;0,196929395;121
Paraguacu Paulista;2014;902879;81;26004;6905;43061;3462;3618;3763;13,92;3535507;10843;25,18055781;26,55360714;0,187106663;121
Paraguacu Paulista;2015;859178;76;27127;7263;43264;3432;3626;3780;14,19;3535507;10838;25,05085059;26,77406274;0,174509985;121
Paraguacu Paulista;2016;859178;;;;43447;3315;3599;3793;14,56;3535507;10707;24,64381891;;;121
Paraibuna;2010;212802;56;5997;1267;17385;1547;1528;1301;12,96;3535606;4376;25,17112453;21,12723028;0,324647685;85
Paraibuna;2011;202034;54;6713;1428;17469;1548;1523;1335;13,26;3535606;4406;25,22182151;21,2721585;0,309347988;85
Paraibuna;2012;220577;57;7418;1612;17553;1553;1516;1367;13,6;3535606;4436;25,27203327;21,73092478;0,325357489;85
Paraibuna;2013;247279;57;8227;1765;17638;1553;1510;1401;13,91;3535606;4464;25,30899195;21,45374985;0,320841365;85
Paraibuna;2014;277677;55;8867;1864;17724;1554;1503;1436;14,22;3535606;4493;25,34980817;21,0217661;0,307774769;85
Paraibuna;2015;232074;58;9272;1938;17809;1552;1494;1469;14,56;3535606;4515;25,35234994;20,90163934;0,326014936;85
Paraibuna;2016;232074;;;;17893;1483;1497;1466;14,93;3535606;4446;24,84770581;;;85
Paraiso;2010;140999;63;2706;281;5894;464;467;566;14,27;3535705;1497;25,39871055;10,38433112;1,066508314;14
Paraiso;2011;149685;64;2955;316;5935;466;470;555;14,52;3535705;1491;25,1221567;10,69373942;1,07935973;14
Paraiso;2012;169723;69;3218;358;5976;467;472;528;14,79;3535705;1467;24,54819277;11,12492231;1,161646586;14
Paraiso;2013;175542;71;3543;384;6019;469;475;515;15,04;3535705;1459;24,23990696;10,83827265;1,177271972;14
Paraiso;2014;183422;71;3769;398;6060;467;474;498;15,31;3535705;1439;23,74587459;10,55983019;1,170132013;14
Paraiso;2015;163874;68;3725;403;6103;468;476;481;15,58;3535705;1425;23,34917254;10,81879195;1,112239882;14
Paraiso;2016;163874;;;;6135;446;477;483;15,99;3535705;1406;22,91768541;;;14
Paranapanema;2010;271930;66;5985;965;17788;1599;1475;1524;10,01;3535804;4598;25,84888689;16,12364244;0,369856083;88
Paranapanema;2011;279290;64;6568;1079;17999;1644;1512;1528;10,28;3535804;4684;26,02366798;16,42813642;0,355797544;88
Paranapanema;2012;317106;65;7193;1168;18213;1690;1548;1532;10,59;3535804;4770;26,19008401;16,23800918;0,357107561;88
Paranapanema;2013;359640;66;7752;1239;18430;1738;1584;1533;10,88;3535804;4855;26,34291915;15,98297214;0,360716224;88
Paranapanema;2014;381672;67;8307;1291;18648;1781;1620;1535;11,18;3535804;4936;26,46932647;15,54110991;0,361700987;88
Paranapanema;2015;321928;61;8799;1351;18870;1827;1657;1535;11,5;3535804;5019;26,59777424;15,3540175;0,321462639;88
Paranapanema;2016;321928;;;;19083;1753;1702;1572;11,86;3535804;5027;26,34281822;;;88
Paranapua;2010;46128;62;1572;362;3813;308;270;276;15,97;3535903;854;22,39706268;23,02798982;1,632048256;7
Paranapua;2011;43643;72;1732;393;3822;316;278;274;16,27;3535903;868;22,71062271;22,69053118;1,870748299;7
Paranapua;2012;55485;70;1903;413;3832;319;284;274;16,65;3535903;877;22,88622129;21,70257488;1,829331942;7
Paranapua;2013;60116;67;2057;425;3841;320;292;272;17,03;3535903;884;23,01483989;20,66115702;1,7357459;7
Paranapua;2014;66398;63;2201;455;3851;313;300;272;17,42;3535903;885;22,98104388;20,67242163;1,633341989;7
Paranapua;2015;54354;49;2315;489;3860;311;308;270;17,77;3535903;889;23,03108808;21,12311015;1,274352332;7
Paranapua;2016;54354;;;;3866;302;313;278;18,21;3535903;893;23,09881014;;;7
Parapua;2010;183018;61;3812;700;10846;849;854;787;17,33;3536000;2490;22,95777245;18,36306401;0,564171123;52
Parapua;2011;218810;64;4204;780;10809;833;858;793;17,62;3536000;2484;22,98084929;18,55375833;0,59552225;52
Parapua;2012;227981;67;4586;833;10772;818;839;802;17,9;3536000;2459;22,82770145;18,16397732;0,617619755;52
Parapua;2013;245039;62;4936;892;10735;802;831;807;18,23;3536000;2440;22,72938985;18,0713128;0,580530973;52
Parapua;2014;257125;62;5267;971;10699;786;825;814;18,53;3536000;2425;22,66566969;18,43554205;0,57612861;52
Parapua;2015;226395;54;5527;1026;10662;769;819;819;18,85;3536000;2407;22,57550178;18,56341596;0,505158507;52
Parapua;2016;226395;;;;10631;747;805;823;19,32;3536000;2375;22,34032546;;;52
Pardinho;2010;146477;63;2432;316;5574;488;471;403;12,2;3536109;1362;24,43487621;12,99342105;1,125044851;25
Pardinho;2011;156901;63;2613;358;5654;497;480;421;12,4;3536109;1398;24,7258578;13,70072713;1,114255394;25
Pardinho;2012;175858;74;2821;383;5735;514;491;438;12,66;3536109;1443;25,16129032;13,57674583;1,297820401;25
Pardinho;2013;196094;76;3173;417;5817;524;498;458;12,88;3536109;1480;25,44266804;13,14213678;1,304280557;25
Pardinho;2014;222032;63;3385;424;5901;530;507;478;13,15;3536109;1515;25,67361464;12,52584934;1,063887477;25
Pardinho;2015;179472;58;3518;436;5985;534;515;498;13,45;3536109;1547;25,84795322;12,39340534;0,961570593;25
Pardinho;2016;179472;;;;6064;522;529;507;13,59;3536109;1558;25,69261214;;;25
Pariquera-Acu;2010;283148;76;5347;1651;18439;1655;1497;1478;12,64;3536208;4630;25,10982157;30,87712736;0,410976734;55
Pariquera-Acu;2011;296261;79;5930;1839;18522;1682;1518;1470;12,87;3536208;4670;25,21325991;31,01180438;0,428571429;55
Pariquera-Acu;2012;347537;81;6599;2054;18605;1710;1539;1462;13,13;3536208;4711;25,32115023;31,12592817;0,434560602;55
Pariquera-Acu;2013;371114;80;7148;2217;18690;1733;1558;1453;13,35;3536208;4744;25,38255752;31,01566872;0,427126806;55
Pariquera-Acu;2014;397383;77;7754;2353;18774;1760;1578;1444;13,56;3536208;4782;25,47139661;30,34562806;0,409555769;55
Pariquera-Acu;2015;339089;66;8170;2454;18859;1784;1597;1433;13,79;3536208;4814;25,52627393;30,03671971;0,349541333;55
Pariquera-Acu;2016;339089;;;;18937;1699;1626;1456;14,07;3536208;4781;25,2468712;;;55
Parisi;2010;21382;75;842;247;2031;145;170;166;17,18;3536257;481;23,68291482;29,33491686;3,692762186;
Parisi;2011;23444;63;902;258;2035;143;165;172;17,44;3536257;480;23,58722359;28,60310421;3,115970516;
Parisi;2012;25972;78;1025;281;2038;140;160;175;17,81;3536257;475;23,30716389;27,41463415;3,829735034;
Parisi;2013;28075;93;1119;288;2041;138;154;177;18,28;3536257;469;22,9789319;25,73726542;4,536501715;
Parisi;2014;33331;80;1179;304;2044;136;149;174;18,69;3536257;459;22,45596869;25,78456319;3,913894325;
Parisi;2015;26441;80;1216;316;2048;134;145;170;19,09;3536257;449;21,92382813;25,98684211;3,894042969;
Parisi;2016;26441;;;;2049;130;143;165;19,67;3536257;438;21,37628111;;;
Patrocinio Paulista;2010;367399;57;4409;615;12986;1173;1087;1107;11,79;3536307;3367;25,92792238;13,94874121;0,437856153;16
Patrocinio Paulista;2011;452858;56;4832;695;13135;1168;1111;1110;12,1;3536307;3389;25,80129425;14,38327815;0,425732775;16
Patrocinio Paulista;2012;550472;59;5345;766;13286;1142;1136;1117;12,43;3536307;3395;25,55321391;14,33115061;0,442119524;16
Patrocinio Paulista;2013;628261;65;5828;816;13440;1130;1166;1119;12,75;3536307;3415;25,40922619;14,00137268;0,483779762;16
Patrocinio Paulista;2014;721834;65;6234;865;13594;1116;1189;1124;13,09;3536307;3429;25,22436369;13,87552133;0,475430337;16
Patrocinio Paulista;2015;544165;63;6516;932;13750;1101;1210;1127;13,45;3536307;3438;25,00363636;14,30325353;0,459636364;16
Patrocinio Paulista;2016;544165;;;;13890;1080;1200;1150;13,82;3536307;3430;24,69402448;;;16
Pauliceia;2010;143885;66;2722;727;6330;568;552;540;11,09;3536406;1660;26,22432859;26,70830272;1,042496051;7
Pauliceia;2011;153934;68;3138;827;6413;581;561;549;11,35;3536406;1691;26,36831436;26,35436584;1,060346172;7
Pauliceia;2012;161819;66;3547;927;6497;577;573;560;11,61;3536406;1710;26,31983993;26,13476177;1,012775127;7
Pauliceia;2013;195347;64;3965;1033;6583;581;592;568;11,89;3536406;1741;26,4469087;26,05296343;0,970226341;7
Pauliceia;2014;207887;67;4212;1079;6669;586;599;577;12,19;3536406;1762;26,42075274;25,61728395;1,002549108;7
Pauliceia;2015;172574;67;4408;1130;6757;590;603;588;12,52;3536406;1781;26,35785112;25,63520871;0,997928075;7
Pauliceia;2016;172574;;;;6833;577;613;596;12,78;3536406;1786;26,13786038;;;7
Paulinia;2010;14141349;67;50897;8290;81825;6661;7352;7674;8,38;3536505;21687;26,50412466;16,28779692;0,082468683;30
Paulinia;2011;9804973;68;54801;8946;84310;6800;7456;7865;8,69;3536505;22121;26,23769422;16,32451963;0,080441229;30
Paulinia;2012;8461729;70;58733;9488;86873;6941;7559;8058;9,01;3536505;22558;25,96664096;16,15446172;0,080519839;30
Paulinia;2013;10984788;73;62902;9681;89511;7081;7661;8253;9,34;3536505;22995;25,68958005;15,39060761;0,081129694;30
Paulinia;2014;14655384;73;66399;9860;92231;7221;7760;8452;9,69;3536505;23433;25,40685887;14,84962123;0,078747926;30
Paulinia;2015;11609645;72;68678;9962;95033;7362;7859;8652;10,04;3536505;23873;25,12074753;14,5053729;0,07585786;30
Paulinia;2016;11609645;;;;96955;7323;7932;8687;10,42;3536505;23942;24,69393017;;;30
Paulistania;2010;18551;66;417;76;1779;143;146;135;14,17;3536570;424;23,83361439;18,22541966;3,704890388;31
Paulistania;2011;26315;60;449;77;1779;146;145;136;14,56;3536570;427;24,00224845;17,14922049;3,372681282;31
Paulistania;2012;23478;67;512;86;1778;150;144;137;15,02;3536570;431;24,24071991;16,796875;3,769966254;31
Paulistania;2013;22071;70;562;92;1778;161;142;137;15,52;3536570;440;24,74690664;16,37010676;3,960067492;31
Paulistania;2014;25092;60;639;101;1777;157;139;140;16,04;3536570;436;24,53573438;15,80594679;3,400112549;31
Paulistania;2015;23101;59;711;122;1777;158;137;140;16,71;3536570;435;24,47945976;17,15893108;3,341586944;31
Paulistania;2016;23101;;;;1775;158;140;139;16,96;3536570;437;24,61971831;;;31
Paulo de Faria;2010;154802;66;2575;274;8588;712;744;730;13,78;3536604;2186;25,45412203;10,6407767;0,769911504;39
Paulo de Faria;2011;158626;63;2753;305;8578;708;735;725;13,98;3536604;2168;25,27395663;11,0788231;0,734786664;39
Paulo de Faria;2012;156267;61;2985;358;8568;703;719;718;14,23;3536604;2140;24,97665733;11,99329983;0,714752568;39
Paulo de Faria;2013;174798;64;3192;382;8558;697;704;718;14,45;3536604;2119;24,76045805;11,96741855;0,746202384;39
Paulo de Faria;2014;176438;64;3443;418;8548;691;690;718;14,73;3536604;2099;24,55545157;12,14057508;0,743916706;39
Paulo de Faria;2015;164186;57;3565;437;8538;686;677;703;14,99;3536604;2066;24,19770438;12,25806452;0,667603654;39
Paulo de Faria;2016;164186;;;;8534;664;674;701;15,32;3536604;2039;23,89266464;;;39
Pederneiras;2010;1313295;68;20759;5897;41454;3723;3540;3551;11,5;3536703;10814;26,08674676;28,40695602;0,164423216;66
Pederneiras;2011;1474800;71;22465;6524;41876;3741;3612;3589;11,76;3536703;10942;26,12952527;29,04073002;0,169118349;66
Pederneiras;2012;1635552;71;24023;6985;42302;3745;3685;3626;12,02;3536703;11056;26,1358801;29,07630188;0,168739067;66
Pederneiras;2013;1859205;69;25847;7474;42733;3755;3756;3663;12,29;3536703;11174;26,14840989;28,91631524;0,160976295;66
Pederneiras;2014;1908599;68;27622;7902;43169;3764;3834;3699;12,55;3536703;11297;26,16924182;28,6076316;0,158354375;66
Pederneiras;2015;1638290;65;28785;8234;43608;3770;3904;3734;12,82;3536703;11408;26,16033755;28,60517631;0,149628509;66
Pederneiras;2016;1638290;;;;43993;3631;3908;3800;13,17;3536703;11339;25,77455504;;;66
Pedra Bela;2010;42054;55;2251;670;5779;476;461;454;14,83;3536802;1391;24,06990829;29,76454909;0,952067832;11
Pedra Bela;2011;45842;62;2585;766;5799;484;463;455;15,3;3536802;1402;24,17658217;29,63249516;1,071219176;11
Pedra Bela;2012;51630;67;2858;828;5818;493;464;454;15,81;3536802;1411;24,25232039;28,97130861;1,149707803;11
Pedra Bela;2013;63926;66;3110;871;5839;496;466;455;16,32;3536802;1417;24,26785408;28,00643087;1,122452475;11
Pedra Bela;2014;64511;65;3339;935;5859;500;467;454;16,88;3536802;1421;24,25328554;28,00239593;1,114866018;11
Pedra Bela;2015;53593;60;3506;970;5879;496;469;454;17,43;3536802;1419;24,13675795;27,66685682;1,013607756;11
Pedra Bela;2016;53593;;;;5896;467;480;455;17,74;3536802;1402;23,77883311;;;11
Pedranopolis;2010;32494;76;1140;279;2559;174;164;192;17,9;3536901;530;20,71121532;24,47368421;2,986322782;8
Pedranopolis;2011;33132;70;1224;310;2542;174;164;184;18,45;3536901;522;20,5350118;25,32679739;2,772619984;8
Pedranopolis;2012;37342;55;1365;341;2527;173;164;176;18,92;3536901;513;20,30075188;24,98168498;2,185991294;8
Pedranopolis;2013;41802;60;1447;350;2510;172;164;168;19,6;3536901;504;20,07968127;24,18797512;2,390438247;8
Pedranopolis;2014;44877;71;1507;352;2494;171;164;161;20,29;3536901;496;19,88773055;23,35766423;2,841619888;8
Pedranopolis;2015;37929;72;1557;359;2478;171;164;154;20,9;3536901;489;19,73365617;23,05716121;2,888216303;8
Pedranopolis;2016;37929;;;;2467;169;164;155;21,56;3536901;488;19,78111066;;;8
Pedregulho;2010;660162;63;5885;900;15694;1406;1488;1336;11,97;3537008;4230;26,95297566;15,2931181;0,399515738;49
Pedregulho;2011;748906;62;6294;943;15755;1384;1466;1356;12,26;3537008;4206;26,69628689;14,98252304;0,392319898;49
Pedregulho;2012;825230;58;6842;1031;15816;1362;1435;1375;12,56;3537008;4172;26,37835104;15,06869336;0,368803743;49
Pedregulho;2013;475500;55;7413;1132;15878;1340;1410;1394;12,87;3537008;4144;26,09900491;15,27047079;0,345131629;49
Pedregulho;2014;515209;61;7899;1214;15940;1318;1385;1412;13,19;3537008;4115;25,81555834;15,36903405;0,380928482;49
Pedregulho;2015;645001;69;8251;1231;16002;1294;1358;1431;13,54;3537008;4083;25,51556055;14,91940371;0,428071491;49
Pedregulho;2016;645001;;;;16057;1259;1339;1407;13,94;3537008;4005;24,94239273;;;49
Pedreira;2010;756061;74;23894;9386;41501;3223;3817;3867;11,69;3537107;10907;26,28129443;39,28182807;0,179080022;13
Pedreira;2011;849939;71;25562;9996;42039;3235;3753;3920;11,96;3537107;10908;25,94733462;39,10492137;0,168843217;13
Pedreira;2012;896423;67;27178;10610;42583;3245;3687;3970;12,24;3537107;10902;25,60176596;39,03892855;0,157128432;13
Pedreira;2013;957929;69;28774;11128;43135;3254;3622;4022;12,51;3537107;10898;25,26486612;38,67380274;0,16098296;13
Pedreira;2014;1025557;71;30369;11664;43693;3262;3557;4074;12,8;3537107;10893;24,93076694;38,40758668;0,163092486;13
Pedreira;2015;897182;70;31513;12088;44259;3268;3492;4122;13,08;3537107;10882;24,58708963;38,35877257;0,158860345;13
Pedreira;2016;897182;;;;44707;3185;3490;4044;13,49;3537107;10719;23,97611112;;;13
Pedrinhas Paulista;2010;52318;66;1421;285;2939;244;242;199;13,92;3537156;685;23,30724736;20,05629838;2,245321538;12
Pedrinhas Paulista;2011;54925;57;1555;290;2947;254;241;206;14,18;3537156;701;23,78690193;18,64951768;1,929419749;12
Pedrinhas Paulista;2012;62442;67;1674;315;2954;248;242;214;14,56;3537156;704;23,83209208;18,8172043;2,264387271;12
Pedrinhas Paulista;2013;72073;75;1766;331;2962;248;242;223;14,96;3537156;713;24,07157326;18,74292186;2,532072924;12
Pedrinhas Paulista;2014;69503;62;1847;344;2969;254;240;229;15,39;3537156;723;24,35163355;18,62479697;2,0882452;12
Pedrinhas Paulista;2015;62252;62;1911;348;2977;246;240;238;15,85;3537156;724;24,31978502;18,21036107;2,084984884;12
Pedrinhas Paulista;2016;62252;;;;2983;233;249;237;16,39;3537156;719;24,10325176;;;12
Pedro de Toledo;2010;92048;51;1858;435;10195;898;680;712;13,63;3537206;2290;22,46199117;23,41227126;0,497302599;11
Pedro de Toledo;2011;91167;53;2047;480;10270;927;721;708;13,91;3537206;2356;22,9406037;23,44894968;0,5187926;11
Pedro de Toledo;2012;100446;56;2236;507;10345;956;763;703;14,21;3537206;2422;23,41227646;22,6744186;0,537167714;11
Pedro de Toledo;2013;120785;57;2533;551;10421;986;808;696;14,52;3537206;2490;23,89406007;21,75286222;0,545629018;11
Pedro de Toledo;2014;120781;59;2792;620;10497;1014;854;690;14,79;3537206;2558;24,3688673;22,20630372;0,563589597;11
Pedro de Toledo;2015;105045;56;2969;678;10574;1047;901;683;15,1;3537206;2631;24,88178551;22,83597171;0,529695479;11
Pedro de Toledo;2016;105045;;;;10653;1025;931;723;15,37;3537206;2679;25,14784568;;;11
Penapolis;2010;873794;78;34255;12283;58477;4678;4624;4768;15,08;3537305;14070;24,06074183;35,85753905;0,134104007;91
Penapolis;2011;1004345;69;36949;13291;58729;4611;4644;4749;15,42;3537305;14004;23,84511911;35,97120355;0,117199339;91
Penapolis;2012;1160048;75;39700;14205;58982;4547;4664;4727;15,75;3537305;13938;23,63093825;35,78085642;0,127021803;91
Penapolis;2013;1190639;75;42294;14965;59237;4481;4683;4707;16,09;3537305;13871;23,41610818;35,38326949;0,127116498;91
Penapolis;2014;1334821;79;44528;15603;59492;4414;4700;4685;16,42;3537305;13799;23,19471526;35,04087316;0,133580986;91
Penapolis;2015;1112729;74;46247;16141;59749;4349;4716;4662;16,77;3537305;13727;22,97444309;34,90172336;0,124571123;91
Penapolis;2016;1112729;;;;59953;4212;4646;4679;17,19;3537305;13537;22,57935383;;;91
Pereira Barreto;2010;377620;74;10876;3218;24963;2105;2025;1808;14,8;3537404;5938;23,78720506;29,58808385;0,294956536;91
Pereira Barreto;2011;439988;76;11670;3468;25010;2064;2033;1840;15,06;3537404;5937;23,7385046;29,71722365;0,305477809;91
Pereira Barreto;2012;507540;75;12645;3687;25057;2027;2041;1872;15,33;3537404;5940;23,70595043;29,15776987;0,298319831;91
Pereira Barreto;2013;532817;66;13597;3866;25105;1988;2047;1904;15,6;3537404;5939;23,6566421;28,43274252;0,261581358;91
Pereira Barreto;2014;577263;64;14459;4056;25151;1950;2047;1936;15,85;3537404;5933;23,5895193;28,05173248;0,25275337;91
Pereira Barreto;2015;487046;60;15028;4237;25199;1911;2055;1968;16,12;3537404;5934;23,54855351;28,1940378;0,238382475;91
Pereira Barreto;2016;487046;;;;25237;1829;2015;1979;16,43;3537404;5823;23,07326544;;;91
Pereiras;2010;103648;51;2597;461;7443;622;658;640;13,62;3537503;1920;25,79604998;17,75125144;0,691790945;29
Pereiras;2011;120300;58;2872;534;7544;626;664;656;13,91;3537503;1946;25,79533404;18,59331476;0,77173913;29
Pereiras;2012;124685;52;3130;573;7648;630;665;675;14,25;3537503;1970;25,7583682;18,30670927;0,680047071;29
Pereiras;2013;125093;63;3429;634;7752;633;670;690;14,55;3537503;1993;25,70949432;18,4893555;0,807146543;29
Pereiras;2014;128906;59;3645;662;7858;638;675;711;14,86;3537503;2024;25,75719012;18,16186557;0,751336218;29
Pereiras;2015;120526;54;3752;658;7965;642;679;719;15,23;3537503;2040;25,61205273;17,53731343;0,676082863;29
Pereiras;2016;120526;;;;8056;629;680;725;15,49;3537503;2034;25,24826216;;;29
Peruibe;2010;649577;76;20423;5992;59698;4977;4216;4243;14,96;3537602;13436;22,50661664;29,33947021;0,127843479;15
Peruibe;2011;930837;79;22852;6626;60340;5119;4375;4257;15,19;3537602;13751;22,78919456;28,99527394;0,130361286;15
Peruibe;2012;1105188;81;25426;7174;60989;5262;4538;4268;15,41;3537602;14068;23,06645461;28,21521277;0,133171556;15
Peruibe;2013;1265519;80;27643;7593;61644;5406;4705;4278;15,64;3537602;14389;23,34209331;27,4680751;0,130556096;15
Peruibe;2014;1416759;81;29745;8065;62307;5554;4875;4285;15,86;3537602;14714;23,61532412;27,11380064;0,129889098;15
Peruibe;2015;1073576;76;30988;8413;62977;5700;5051;4291;16,08;3537602;15042;23,88491036;27,14921905;0,121012433;15
Peruibe;2016;1073576;;;;63609;5509;5187;4445;16,25;3537602;15141;23,80323539;;;15
Piacatu;2010;63577;61;1824;399;5281;455;459;421;15,17;3537701;1335;25,27930316;21,875;1,15451619;9
Piacatu;2011;59268;72;1998;440;5343;449;472;436;15,31;3537701;1357;25,39771664;22,02202202;1,355979787;9
Piacatu;2012;65754;72;2187;481;5406;446;481;451;15,46;3537701;1378;25,49019608;21,99359854;1,332408435;9
Piacatu;2013;72433;71;2414;531;5469;439;488;466;15,63;3537701;1393;25,47083562;21,996686;1,297860669;9
Piacatu;2014;76512;66;2581;543;5534;435;493;483;15,81;3537701;1411;25,49692808;21,03835723;1,19027828;9
Piacatu;2015;67509;72;2712;555;5599;430;494;500;15,98;3537701;1424;25,43311306;20,46460177;1,294338275;9
Piacatu;2016;67509;;;;5656;414;487;513;16,2;3537701;1414;25;;;9
Piedade;2010;606801;68;21527;6151;52126;4519;4286;4293;12,62;3537800;13098;25,12757549;28,57341943;0,130491501;92
Piedade;2011;683664;69;23402;6820;52255;4555;4309;4264;12,94;3537800;13128;25,12295474;29,14280831;0,131796;92
Piedade;2012;730969;74;25261;7244;52385;4595;4328;4233;13,25;3537800;13156;25,11405937;28,67661613;0,140402787;92
Piedade;2013;960432;71;27269;7635;52515;4630;4347;4199;13,57;3537800;13176;25,08997429;27,99882651;0,135028087;92
Piedade;2014;1129675;73;29130;8043;52645;4657;4364;4165;13,89;3537800;13186;25,04701301;27,61071061;0,138455694;92
Piedade;2015;822308;70;30880;8380;52776;4692;4379;4129;14,21;3537800;13200;25,0113688;27,1373057;0,132351827;92
Piedade;2016;822308;;;;52927;4453;4425;4159;14,63;3537800;13037;24,63204036;;;92
Pilar do Sul;2010;236406;68;12277;3144;26385;2454;2261;2168;12,07;3537909;6883;26,08679174;25,6088621;0,257760091;65
Pilar do Sul;2011;292756;69;13843;3524;26574;2444;2292;2179;12,3;3537909;6915;26,02167532;25,45690963;0,260292015;65
Pilar do Sul;2012;334665;70;15440;3778;26765;2434;2323;2188;12,56;3537909;6945;25,9480665;24,46891192;0,25989165;65
Pilar do Sul;2013;405189;72;17119;4079;26957;2420;2353;2196;12,82;3537909;6969;25,85228327;23,82732636;0,267203324;65
Pilar do Sul;2014;449225;73;18190;4309;27151;2409;2382;2204;13,05;3537909;6995;25,76332363;23,68884002;0,269419174;65
Pilar do Sul;2015;343648;71;19008;4494;27345;2394;2410;2211;13,31;3537909;7015;25,6536844;23,64267677;0,258987018;65
Pilar do Sul;2016;343648;;;;27518;2331;2397;2242;13,65;3537909;6970;25,32887565;;;65
Pindamonhangaba;2010;3855906;69;60010;13782;146807;12504;12760;13515;10,2;3538006;38779;26,41495297;22,9661723;0,046748452;90
Pindamonhangaba;2011;4514386;69;65796;15279;148593;12657;12842;13513;10,59;3538006;39012;26,25426501;23,2217764;0,046435566;90
Pindamonhangaba;2012;5145268;72;71572;16405;150401;12807;12920;13503;10,99;3538006;39230;26,08360317;22,92097468;0,047818831;90
Pindamonhangaba;2013;5691879;74;76384;17252;152230;12952;12992;13490;11,4;3538006;39434;25,90422387;22,58588186;0,048393878;90
Pindamonhangaba;2014;6227820;74;80375;18181;154082;13094;13059;13470;11,82;3538006;39623;25,7155281;22,62021773;0,047714853;90
Pindamonhangaba;2015;5087052;70;83230;18915;155957;13230;13121;13442;12,26;3538006;39793;25,51536642;22,72618046;0,044781574;90
Pindamonhangaba;2016;5087052;;;;157459;12825;13229;13475;12,71;3538006;39529;25,10431287;;;90
Pindorama;2010;195578;51;5403;1069;15022;1139;1295;1327;15,86;3538105;3761;25,03661297;19,78530446;0,337837838;20
Pindorama;2011;196166;56;5957;1237;15163;1133;1287;1352;16,01;3538105;3772;24,87634373;20,76548598;0,368594605;20
Pindorama;2012;227704;52;6585;1378;15306;1129;1276;1365;16,19;3538105;3770;24,63086371;20,92634776;0,338102705;20
Pindorama;2013;274360;55;7160;1511;15451;1123;1267;1375;16,37;3538105;3765;24,36735486;21,10335196;0,356675943;20
Pindorama;2014;286674;57;7666;1574;15596;1116;1255;1404;16,56;3538105;3775;24,20492434;20,53222019;0,363041806;20
Pindorama;2015;236096;42;8005;1666;15743;1111;1245;1414;16,75;3538105;3770;23,94715111;20,8119925;0,269008448;20
Pindorama;2016;236096;;;;15844;1077;1232;1397;16,97;3538105;3706;23,39055794;;;20
Pinhalzinho;2010;134520;61;5336;1115;13086;1047;1045;1008;16,02;3538204;3100;23,6894391;20,8958021;0,464542259;21
Pinhalzinho;2011;150402;61;5859;1231;13257;1063;1070;1037;16,3;3538204;3170;23,9118956;21,01041133;0,462548088;21
Pinhalzinho;2012;163936;60;6472;1320;13430;1079;1093;1067;16,61;3538204;3239;24,11764706;20,39555006;0,448622487;21
Pinhalzinho;2013;202645;58;7056;1406;13606;1097;1113;1098;16,93;3538204;3308;24,31280318;19,92630385;0,424004116;21
Pinhalzinho;2014;220138;59;7622;1497;13784;1112;1138;1128;17,22;3538204;3378;24,50667441;19,6405143;0,426871735;21
Pinhalzinho;2015;174328;59;8146;1561;13964;1128;1158;1159;17,55;3538204;3445;24,6705815;19,16277928;0,42387568;21
Pinhalzinho;2016;174328;;;;14119;1098;1173;1186;17,91;3538204;3457;24,48473688;;;21
Piquerobi;2010;39778;64;1020;211;3537;309;271;259;15,83;3538303;839;23,72066723;20,68627451;1,797851286;22
Piquerobi;2011;41151;59;1131;226;3536;306;277;258;16,06;3538303;841;23,78393665;19,98231653;1,660067873;22
Piquerobi;2012;44327;53;1250;245;3535;296;282;259;16,32;3538303;837;23,67751061;19,6;1,49476662;22
Piquerobi;2013;48323;65;1357;265;3535;278;292;260;16,58;3538303;830;23,47949081;19,52837141;1,828288543;22
Piquerobi;2014;52768;67;1472;283;3534;267;299;260;16,89;3538303;826;23,3729485;19,22554348;1,886530843;22
Piquerobi;2015;45269;54;1551;295;3533;258;300;261;17,18;3538303;819;23,18143221;19,01998711;1,53863572;22
Piquerobi;2016;45269;;;;3534;250;299;267;17,57;3538303;816;23,08998302;;;22
Piquete;2010;90841;58;4210;825;14116;1207;1153;1033;14,45;3538501;3393;24,03655426;19,59619952;0,413785775;25
Piquete;2011;104873;59;4497;904;14058;1160;1151;1042;14,84;3538501;3353;23,85118794;20,10229042;0,417129037;25
Piquete;2012;110665;56;4795;945;14000;1125;1144;1050;15,25;3538501;3319;23,70714286;19,7080292;0,403285714;25
Piquete;2013;125448;60;5013;976;13942;1084;1142;1058;15,69;3538501;3284;23,55472673;19,46937961;0,428776359;25
Piquete;2014;134665;62;5312;1017;13884;1045;1143;1065;16,1;3538501;3253;23,42984731;19,14533133;0,445332757;25
Piquete;2015;113298;54;5544;1058;13826;1007;1135;1073;16,55;3538501;3215;23,2532909;19,08369408;0,388687979;25
Piquete;2016;113298;;;;13790;983;1101;1076;17,13;3538501;3160;22,91515591;;;25
Piracaia;2010;256488;61;10935;3274;25101;2119;2054;1982;13,41;3538600;6155;24,52093542;29,94055784;0,244014183;35
Piracaia;2011;284202;66;12186;3678;25218;2137;2065;1994;13,7;3538600;6196;24,56975176;30,18217627;0,260885082;35
Piracaia;2012;316118;71;13519;4013;25336;2154;2078;2006;13,98;3538600;6238;24,62109252;29,68414824;0,280352068;35
Piracaia;2013;367641;69;14622;4252;25455;2171;2086;2017;14,26;3538600;6274;24,64741701;29,07946929;0,270202318;35
Piracaia;2014;395389;71;15641;4482;25573;2183;2096;2027;14,53;3538600;6306;24,65881985;28,65545681;0,278027607;35
Piracaia;2015;323968;69;16311;4644;25693;2200;2103;2035;14,83;3538600;6338;24,66819756;28,47158359;0,269489744;35
Piracaia;2016;323968;;;;25811;2082;2122;2049;15,2;3538600;6253;24,22610515;;;35
Piracicaba;2010;12501662;79;222627;45214;364261;28515;31900;34251;12,5;3538709;94666;25,98850824;20,3093066;0,021624604;174
Piracicaba;2011;14732111;82;237353;49009;367004;28510;31342;33932;12,85;3538709;93784;25,55394492;20,64814854;0,022438448;174
Piracicaba;2012;16052653;82;251930;51909;369768;28492;30782;33605;13,22;3538709;92879;25,11818221;20,60453301;0,022178772;174
Piracicaba;2013;20294828;82;266401;54145;372553;28463;30217;33261;13,59;3538709;91941;24,67863633;20,32462341;0,022128395;174
Piracicaba;2014;22040590;82;277008;55831;375358;28420;29652;32910;13,97;3538709;90982;24,23872676;20,15501357;0,021877781;174
Piracicaba;2015;17124369;81;284544;57067;378185;28366;29083;32548;14,35;3538709;89997;23,79708344;20,05559773;0,021389003;174
Piracicaba;2016;17124369;;;;380494;27547;29060;31972;14,79;3538709;88579;23,27999916;;;174
Piraju;2010;356423;75;13212;2644;28470;2324;2312;2131;14,77;3538808;6767;23,76887952;20,0121102;0,262697576;97
Piraju;2011;402524;77;14352;3014;28489;2317;2303;2154;15,15;3538808;6774;23,77759837;21,00055741;0,270104251;97
Piraju;2012;483077;72;15324;3265;28508;2317;2292;2175;15,54;3538808;6784;23,79682896;21,3064474;0,252174828;97
Piraju;2013;531748;72;16276;3464;28528;2309;2283;2198;15,94;3538808;6790;23,80117779;21,28287048;0,252699103;97
Piraju;2014;558720;73;17070;3642;28547;2298;2272;2218;16,33;3538808;6788;23,77833047;21,33567663;0,254457561;97
Piraju;2015;466498;70;17900;3811;28566;2294;2259;2238;16,75;3538808;6791;23,77301687;21,29050279;0,246061752;97
Piraju;2016;466498;;;;28568;2219;2251;2230;17,18;3538808;6700;23,45281434;;;97
Pirajui;2010;214411;80;8104;1825;22681;1699;2479;2489;13,65;3538907;6667;29,3946475;22,51974334;0,352982673;72
Pirajui;2011;257565;82;8820;2034;22765;1680;2475;2493;13,85;3538907;6648;29,20272348;23,06122449;0,358972106;72
Pirajui;2012;285387;77;9447;2232;22851;1663;2471;2492;14,06;3538907;6626;28,99654282;23,62654811;0,337534462;72
Pirajui;2013;295337;77;10043;2347;22937;1644;2467;2495;14,27;3538907;6606;28,80062781;23,3695111;0,334001831;72
Pirajui;2014;307337;74;10658;2487;23024;1625;2463;2497;14,48;3538907;6585;28,60059069;23,33458435;0,321924948;72
Pirajui;2015;272007;75;11164;2578;23111;1606;2458;2497;14,69;3538907;6561;28,38907879;23,09208169;0,322530397;72
Pirajui;2016;272007;;;;23140;1557;2441;2482;15,06;3538907;6480;28,00345722;;;72
Pirangi;2010;136153;81;5176;755;10618;817;857;931;15,8;3539004;2605;24,53381051;14,58655332;0,759653419;37
Pirangi;2011;144438;79;5568;852;10643;807;849;927;16,15;3539004;2583;24,26947289;15,30172414;0,744996711;37
Pirangi;2012;161491;85;5954;963;10668;798;842;900;16,54;3539004;2540;23,80952381;16,17400067;0,794056993;37
Pirangi;2013;186478;81;6411;1018;10694;788;834;886;16,92;3539004;2508;23,45240322;15,87895804;0,761829063;37
Pirangi;2014;198264;81;6726;1065;10718;777;825;871;17,32;3539004;2473;23,07333458;15,83407672;0,752565777;37
Pirangi;2015;165365;81;6925;1123;10744;767;816;856;17,71;3539004;2439;22,70104244;16,2166065;0,756236039;37
Pirangi;2016;165365;;;;10760;733;807;849;18,13;3539004;2389;22,20260223;;;37
Pirapora do Bom Jesus;2010;359141;59;4199;969;15702;1478;1412;1307;7,5;3539103;4197;26,7290791;23,07692308;0,377658897;18
Pirapora do Bom Jesus;2011;439976;60;4722;1125;15997;1548;1454;1354;7,7;3539103;4356;27,23010564;23,82465057;0,37269488;18
Pirapora do Bom Jesus;2012;424249;56;5184;1211;16298;1621;1496;1403;7,92;3539103;4520;27,73346423;23,36033951;0,344766229;18
Pirapora do Bom Jesus;2013;438911;56;5703;1312;16605;1697;1538;1452;8,14;3539103;4687;28,22643782;23,00543574;0,335922915;18
Pirapora do Bom Jesus;2014;360672;55;6148;1365;16918;1772;1579;1501;8,38;3539103;4852;28,67951294;22,20234223;0,324565551;18
Pirapora do Bom Jesus;2015;404590;49;6530;1423;17236;1851;1621;1550;8,6;3539103;5022;29,13669065;21,79173047;0,282780227;18
Pirapora do Bom Jesus;2016;404590;;;;17548;1808;1692;1593;8,83;3539103;5093;29,02325051;;;18
Pirapozinho;2010;440092;73;10039;2640;24671;2142;2153;1859;12,9;3539202;6154;24,94426655;26,29743998;0,297677435;53
Pirapozinho;2011;498582;77;10920;2847;24926;2140;2174;1934;13,13;3539202;6248;25,06619594;26,07142857;0,30783118;53
Pirapozinho;2012;539980;74;11822;3055;25183;2137;2188;2013;13,37;3539202;6338;25,16777191;25,84165116;0,293491641;53
Pirapozinho;2013;586405;73;12744;3284;25443;2133;2205;2092;13,59;3539202;6430;25,27217702;25,76898933;0,284989978;53
Pirapozinho;2014;716359;69;13489;3506;25705;2127;2225;2172;13,82;3539202;6524;25,38027621;25,99154867;0,268624781;53
Pirapozinho;2015;556284;76;14177;3684;25971;2120;2239;2256;14,04;3539202;6615;25,47071734;25,98575157;0,294135767;53
Pirapozinho;2016;556284;;;;26215;2033;2235;2276;14,4;3539202;6544;24,96280755;;;53
Pirassununga;2010;1528609;75;41406;10186;70036;5467;5811;6121;14,42;3539301;17399;24,84293792;24,60029947;0,107516135;96
Pirassununga;2011;1731548;77;44539;11075;70428;5452;5765;6081;14,73;3539301;17298;24,56125405;24,86584791;0,108877151;96
Pirassununga;2012;1903237;77;47003;11825;70824;5437;5716;6045;15,04;3539301;17198;24,28272902;25,15796864;0,108564893;96
Pirassununga;2013;2082734;77;49499;12318;71221;5418;5666;6005;15,36;3539301;17089;23,99432752;24,88535122;0,107566589;96
Pirassununga;2014;2231867;75;51532;12867;71620;5397;5614;5961;15,68;3539301;16972;23,69729126;24,96895133;0,104663502;96
Pirassununga;2015;1895599;74;53002;13207;72022;5374;5560;5915;16,01;3539301;16849;23,39424065;24,91792763;0,10306573;96
Pirassununga;2016;1895599;;;;72356;5189;5545;5868;16,44;3539301;16602;22,94488363;;;96
Piratininga;2010;103067;77;5222;867;12059;888;959;1028;14,84;3539400;2875;23,84111452;16,60283416;0,638278464;47
Piratininga;2011;122441;76;5704;973;12175;914;961;1030;15,05;3539400;2905;23,86036961;17,05820477;0,626858316;47
Piratininga;2012;131171;71;6235;1051;12293;941;961;1031;15,31;3539400;2933;23,85910681;16,85645549;0,579435451;47
Piratininga;2013;152231;75;6689;1087;12413;968;961;1032;15,56;3539400;2961;23,85402401;16,25056062;0,604527511;47
Piratininga;2014;163946;71;7107;1116;12533;994;960;1033;15,79;3539400;2987;23,83308067;15,7028282;0,568977898;47
Piratininga;2015;134571;70;7410;1175;12654;1021;959;1035;16,05;3539400;3015;23,82645804;15,85695007;0,557057057;47
Piratininga;2016;134571;;;;12764;993;985;1036;16,4;3539400;3014;23,61328737;;;47
Pitangueiras;2010;672897;68;13409;3634;35270;3196;3362;3475;9,87;3539509;10033;28,44627162;27,10120069;0,192174653;34
Pitangueiras;2011;694055;67;14446;3928;35606;3201;3329;3456;10,05;3539509;9986;28,04583497;27,1909179;0,187075212;34
Pitangueiras;2012;659743;67;15406;4200;35945;3206;3296;3427;10,25;3539509;9929;27,62275699;27,26210567;0,187063569;34
Pitangueiras;2013;663400;68;16554;4404;36286;3210;3261;3402;10,44;3539509;9873;27,20884088;26,60384197;0,186600893;34
Pitangueiras;2014;722815;65;17492;4650;36632;3212;3225;3378;10,62;3539509;9815;26,79351387;26,58358107;0,178668923;34
Pitangueiras;2015;682582;65;18330;4874;36980;3212;3187;3351;10,8;3539509;9750;26,36560303;26,59028914;0,175013521;34
Pitangueiras;2016;682582;;;;37295;3149;3194;3319;11,1;3539509;9662;25,90695804;;;34
Planalto;2010;151713;63;1614;367;4456;368;401;389;10,59;3539608;1158;25,98743268;22,73853779;1,412926391;5
Planalto;2011;144365;62;1747;403;4529;365;409;397;10,8;3539608;1171;25,85559726;23,06811677;1,361890042;5
Planalto;2012;187032;56;1877;404;4603;365;401;403;11,01;3539608;1169;25,39648056;21,52370804;1,212470128;5
Planalto;2013;217949;65;2068;428;4678;362;398;417;11,29;3539608;1177;25,16032493;20,69632495;1,392047884;5
Planalto;2014;218027;67;2232;455;4755;359;397;430;11,61;3539608;1186;24,94216614;20,38530466;1,39873817;5
Planalto;2015;183817;73;2406;453;4832;356;395;431;11,88;3539608;1182;24,46192053;18,82793017;1,520281457;5
Planalto;2016;183817;;;;4897;357;392;437;12,21;3539608;1186;24,21890954;;;5
Platina;2010;47769;65;825;192;3189;245;255;239;13,11;3539707;739;23,17340859;23,27272727;2,041392286;9
Platina;2011;53298;66;910;219;3220;254;254;243;13,35;3539707;751;23,32298137;24,06593407;2,063664596;9
Platina;2012;53958;70;1057;249;3251;262;253;247;13,63;3539707;762;23,43894186;23,55723746;2,14733928;9
Platina;2013;62631;61;1139;251;3283;281;251;250;13,89;3539707;782;23,81967712;22,03687445;1,852573865;9
Platina;2014;58593;62;1241;262;3314;284;251;255;14,18;3539707;790;23,83826192;21,11200645;1,881412191;9
Platina;2015;55250;66;1309;274;3347;290;249;259;14,52;3539707;798;23,84224679;20,93200917;1,974902898;9
Platina;2016;55250;;;;3378;287;257;258;14,77;3539707;802;23,74185909;;;9
Poa;2010;3922732;94;33939;5441;105924;9319;9675;9553;8,72;3539806;28547;26,95045504;16,03170394;0,088393565;7
Poa;2011;4235312;98;37288;5903;106928;9410;9585;9557;9,1;3539806;28552;26,7020799;15,83083029;0,092080652;7
Poa;2012;3890602;100;41236;6320;107943;9495;9494;9555;9,49;3539806;28544;26,44358597;15,32641381;0,092595166;7
Poa;2013;3998234;97;44291;6594;108968;9576;9397;9549;9,9;3539806;28522;26,17465678;14,88790048;0,089448278;7
Poa;2014;3940620;97;46813;6873;110001;9653;9295;9539;10,31;3539806;28487;25,8970373;14,68181915;0,088062836;7
Poa;2015;3997500;94;48524;7046;111045;9725;9190;9521;10,74;3539806;28436;25,60763654;14,52064958;0,084488271;7
Poa;2016;3997500;;;;111929;9357;9283;9437;11,21;3539806;28077;25,08465188;;;7
Poloni;2010;85373;67;2525;366;5390;398;503;479;18,2;3539905;1380;25,60296846;14,4950495;1,239517625;23
Poloni;2011;95971;72;2724;408;5419;384;485;497;18,23;3539905;1366;25,20760288;14,97797357;1,320538845;23
Poloni;2012;98298;72;2939;434;5448;373;468;500;18,36;3539905;1341;24,61453744;14,76692753;1,316079295;23
Poloni;2013;103426;72;3124;464;5478;360;450;510;18,46;3539905;1320;24,09638554;14,85275288;1,311427528;23
Poloni;2014;105141;73;3242;496;5507;347;432;525;18,54;3539905;1304;23,67895406;15,29919803;1,323043399;23
Poloni;2015;97642;64;3329;516;5537;335;416;526;18,64;3539905;1277;23,06303052;15,5001502;1,160375655;23
Poloni;2016;97642;;;;5562;329;402;513;18,91;3539905;1244;22,36605538;;;23
Pompeia;2010;706689;74;9253;1864;19948;1458;1651;1769;13,59;3540002;4878;24,45357931;20,1448179;0,369510728;15
Pompeia;2011;833981;75;9960;2054;20087;1490;1625;1761;13,92;3540002;4876;24,27440633;20,62248996;0,37561607;15
Pompeia;2012;920844;75;10718;2208;20226;1520;1599;1751;14,26;3540002;4870;24,07791951;20,60085837;0,37273806;15
Pompeia;2013;1126494;74;11456;2346;20366;1552;1572;1741;14,6;3540002;4865;23,8878523;20,47835196;0,362712364;15
Pompeia;2014;1045774;72;11907;2476;20507;1582;1544;1729;14,95;3540002;4855;23,67484274;20,79449064;0,35192861;15
Pompeia;2015;926756;77;12364;2585;20650;1612;1517;1718;15,29;3540002;4847;23,47215496;20,90747331;0,373510896;15
Pompeia;2016;926756;;;;20775;1554;1548;1692;15,74;3540002;4794;23,07581227;;;15
Pongai;2010;43335;72;1492;174;3483;257;280;268;17,86;3540101;805;23,11225955;11,66219839;2,077806489;27
Pongai;2011;44600;76;1619;200;3465;250;279;268;18,24;3540101;797;23,001443;12,35330451;2,179220779;27
Pongai;2012;47510;66;1766;215;3446;245;265;275;18,75;3540101;785;22,78003482;12,17440544;1,9143935;27
Pongai;2013;49144;74;1924;232;3429;240;259;272;19,13;3540101;771;22,48468941;12,05821206;2,15106445;27
Pongai;2014;64097;71;2008;241;3411;234;252;272;19,67;3540101;758;22,22222222;12,00199203;2,075637643;27
Pongai;2015;49737;79;2088;236;3393;228;246;267;20,16;3540101;741;21,83908046;11,30268199;2,322133805;27
Pongai;2016;49737;;;;3385;217;241;268;20,8;3540101;726;21,44756278;;;27
Pontal;2010;663942;59;13225;2540;40142;3517;4366;4398;7,05;3540200;12281;30,59389168;19,20604915;0,147351901;16
Pontal;2011;736359;61;14253;2808;41129;3560;4310;4519;7,19;3540200;12389;30,12229814;19,70111555;0,147949136;16
Pontal;2012;795808;60;15319;3031;42141;3601;4253;4632;7,36;3540200;12486;29,6291023;19,78588681;0,141928288;16
Pontal;2013;805099;59;16546;3250;43177;3640;4194;4751;7,51;3540200;12585;29,14746277;19,6422096;0,136299419;16
Pontal;2014;855477;62;17375;3442;44239;3679;4134;4872;7,66;3540200;12685;28,67379462;19,81007194;0,140690341;16
Pontal;2015;771337;62;17919;3546;45327;3714;4072;4991;7,82;3540200;12777;28,18849692;19,78905073;0,136497011;16
Pontal;2016;771337;;;;46092;3675;4091;4876;8,1;3540200;12642;27,42775319;;;16
Pontalinda;2010;39345;67;963;269;4069;346;400;375;12,66;3540259;1121;27,54976653;27,93354102;1,650528385;15
Pontalinda;2011;45329;63;1101;313;4113;340;397;383;12,86;3540259;1120;27,23073183;28,42870118;1,525893508;15
Pontalinda;2012;48879;60;1223;342;4158;334;385;401;13,04;3540259;1120;26,93602694;27,96402289;1,437950938;15
Pontalinda;2013;56951;56;1348;364;4203;329;378;410;13,2;3540259;1117;26,57625506;27,00296736;1,320485368;15
Pontalinda;2014;56129;54;1466;378;4249;323;371;416;13,41;3540259;1110;26,12379383;25,78444748;1,264297482;15
Pontalinda;2015;49327;38;1561;402;4295;318;364;420;13,64;3540259;1102;25,65774156;25,75272261;0,893597206;15
Pontalinda;2016;49327;;;;4333;312;357;418;13,92;3540259;1087;25,08654512;;;15
Pontes Gestal;2010;106935;53;1087;155;2518;199;195;208;16,6;3540309;602;23,90786338;14,25942962;2,084988086;9
Pontes Gestal;2011;128664;50;1203;168;2519;198;195;213;16,87;3540309;606;24,05716554;13,96508728;1,984914649;9
Pontes Gestal;2012;166786;57;1367;173;2519;198;194;205;17,19;3540309;597;23,69988091;12,65544989;2,268360461;9
Pontes Gestal;2013;120982;69;1477;179;2519;208;193;196;17,55;3540309;597;23,69988091;12,11916046;2,721317983;9
Pontes Gestal;2014;121688;91;1557;188;2519;203;193;191;18,02;3540309;587;23,30289798;12,07450225;3,605795951;9
Pontes Gestal;2015;129011;63;1578;195;2520;195;193;188;18,49;3540309;576;22,85714286;12,35741445;2,48452381;9
Pontes Gestal;2016;129011;;;;2522;187;192;188;18,83;3540309;567;22,48215702;;;9
Populina;2010;62578;72;1506;292;4225;334;322;308;17,87;3540408;964;22,81656805;19,38911023;1,692307692;17
Populina;2011;64948;81;1624;313;4199;332;321;307;18,19;3540408;960;22,86258633;19,27339901;1,922124315;17
Populina;2012;71967;68;1794;345;4175;318;316;306;18,61;3540408;940;22,51497006;19,23076923;1,638802395;17
Populina;2013;76133;74;1952;378;4149;309;320;304;19,06;3540408;933;22,48734635;19,3647541;1,78428537;17
Populina;2014;74240;73;2079;386;4125;302;324;302;19,47;3540408;928;22,4969697;18,56661857;1,773090909;17
Populina;2015;69973;77;2184;394;4100;295;315;301;19,95;3540408;911;22,2195122;18,04029304;1,868536585;17
Populina;2016;69973;;;;4079;278;318;300;20,52;3540408;896;21,96616818;;;17
Porangaba;2010;84749;62;2730;498;8310;666;613;570;16,44;3540507;1849;22,25030084;18,24175824;0,74765343;45
Porangaba;2011;89303;58;3080;583;8415;686;636;591;16,77;3540507;1913;22,7332145;18,92857143;0,691265597;45
Porangaba;2012;96214;58;3386;639;8521;692;661;613;17,12;3540507;1966;23,07240934;18,87182516;0,678676212;45
Porangaba;2013;134214;53;3716;688;8629;699;685;635;17,49;3540507;2019;23,39784448;18,51453175;0,619770541;45
Porangaba;2014;146844;53;3987;736;8738;708;718;657;17,89;3540507;2083;23,83840696;18,45999498;0,60093843;45
Porangaba;2015;110265;50;4206;790;8849;719;736;681;18,28;3540507;2136;24,13832071;18,78269139;0,563679512;45
Porangaba;2016;110265;;;;8939;702;753;703;18,55;3540507;2158;24,14140284;;;45
Porto Feliz;2010;862627;72;21398;4342;48864;4045;4367;4378;11,73;3540606;12790;26,17468893;20,29161604;0,147347741;68
Porto Feliz;2011;1014260;76;23584;5059;49155;4065;4302;4374;12,02;3540606;12741;25,92004883;21,45098372;0,154226427;68
Porto Feliz;2012;1129623;80;25392;5607;49448;4084;4235;4371;12,32;3540606;12690;25,66332309;22,08175803;0,16154344;68
Porto Feliz;2013;1302974;81;27223;5980;49743;4100;4169;4365;12,62;3540606;12634;25,39854854;21,96671932;0,162515329;68
Porto Feliz;2014;1429706;81;28710;6220;50041;4114;4102;4358;12,92;3540606;12574;25,12739554;21,66492511;0,162626646;68
Porto Feliz;2015;1147838;79;29843;6464;50339;4127;4033;4350;13,23;3540606;12510;24,85150678;21,66002078;0,15665786;68
Porto Feliz;2016;1147838;;;;50607;3974;4053;4286;13,69;3540606;12313;24,3306262;;;68
Porto Ferreira;2010;1168792;67;28780;8696;51366;4127;4515;4581;12,81;3540705;13223;25,74270919;30,21542738;0,130222326;50
Porto Ferreira;2011;1319697;70;31039;9513;51664;4072;4437;4569;13,09;3540705;13078;25,31356457;30,64853893;0,134677919;50
Porto Ferreira;2012;1406295;67;33155;10156;51963;4017;4355;4554;13,36;3540705;12926;24,87539211;30,63188056;0,128591498;50
Porto Ferreira;2013;1482660;65;35149;10731;52265;3962;4277;4537;13,65;3540705;12776;24,44465704;30,5300293;0,124194011;50
Porto Ferreira;2014;1665474;64;36632;11199;52568;3906;4198;4522;13,93;3540705;12626;24,01841424;30,57163136;0,121670979;50
Porto Ferreira;2015;1408584;62;37910;11699;52873;3850;4118;4502;14,21;3540705;12470;23,58481645;30,85993142;0,116789288;50
Porto Ferreira;2016;1408584;;;;53117;3777;4064;4424;14,67;3540705;12265;23,09053599;;;50
Potim;2010;104174;44;3326;1112;19340;1572;2291;2426;7,25;3540754;6289;32,51809721;33,43355382;0,229731127;
Potim;2011;123555;44;3796;1266;19478;1590;2278;2444;7,48;3540754;6312;32,40579115;33,35089568;0,226974022;
Potim;2012;140421;42;4309;1382;19617;1607;2264;2459;7,72;3540754;6330;32,26793088;32,07240659;0,213896111;
Potim;2013;152349;46;4680;1504;19758;1623;2250;2475;7,97;3540754;6348;32,12875797;32,13675214;0,235145258;
Potim;2014;162789;49;5082;1626;19899;1639;2232;2489;8,23;3540754;6360;31,9614051;31,99527745;0,246394291;
Potim;2015;136658;42;5478;1756;20042;1654;2216;2501;8,51;3540754;6371;31,78824469;32,05549471;0,207564115;
Potim;2016;136658;;;;20171;1616;2234;2493;8,85;3540754;6343;31,44613554;;;
Potirendaba;2010;309167;61;8087;1608;15433;1170;1388;1413;15,57;3540804;3971;25,73057733;19,88376407;0,393766604;14
Potirendaba;2011;352415;60;8676;1725;15563;1136;1359;1431;15,81;3540804;3926;25,22649875;19,8824343;0,385144252;14
Potirendaba;2012;400370;62;9527;1827;15694;1103;1331;1439;16,08;3540804;3873;24,67822098;19,17707568;0,397094431;14
Potirendaba;2013;414889;72;10233;1924;15825;1070;1303;1454;16,34;3540804;3827;24,18325434;18,80191537;0,452701422;14
Potirendaba;2014;443650;70;10946;2045;15958;1038;1275;1472;16,57;3540804;3785;23,71851109;18,68262379;0,436583532;14
Potirendaba;2015;384098;64;11485;2140;16092;1006;1248;1483;16,83;3540804;3737;23,22271936;18,63299956;0,399328859;14
Potirendaba;2016;384098;;;;16194;997;1208;1447;17,18;3540804;3652;22,55156231;;;14
Pracinha;2010;15735;63;357;70;2842;211;616;417;8,37;3540853;1244;43,77199156;19,60784314;2,204433498;
Pracinha;2011;17324;64;412;90;2849;211;623;414;8,46;3540853;1248;43,8048438;21,84466019;2,256581257;
Pracinha;2012;18099;65;445;94;2856;210;629;411;8,58;3540853;1250;43,767507;21,12359551;2,262955182;
Pracinha;2013;21910;63;507;114;2864;210;635;407;8,8;3540853;1252;43,7150838;22,4852071;2,214036313;
Pracinha;2014;24212;68;577;135;2871;210;634;404;9,02;3540853;1248;43,4691745;23,39688042;2,365029606;
Pracinha;2015;19456;53;628;144;2877;210;634;400;9,25;3540853;1244;43,23948558;22,92993631;1,845324991;
Pracinha;2016;19456;;;;2885;208;639;403;9,36;3540853;1250;43,32755633;;;
Pradopolis;2010;250901;57;6165;992;17334;1448;1796;1833;9,52;3540903;5077;29,28925811;16,09083536;0,328545056;36
Pradopolis;2011;533316;61;6704;1116;17710;1452;1764;1873;9,8;3540903;5089;28,73517787;16,64677804;0,342800678;36
Pradopolis;2012;539661;64;7374;1268;18094;1456;1730;1903;10,1;3540903;5089;28,12534542;17,19555194;0,35536642;36
Pradopolis;2013;589436;68;7986;1319;18486;1459;1697;1939;10,39;3540903;5095;27,56139781;16,51640371;0,368062317;36
Pradopolis;2014;646601;61;8396;1390;18887;1462;1664;1972;10,69;3540903;5098;26,99211098;16,55550262;0,324614814;36
Pradopolis;2015;511983;57;8828;1427;19297;1463;1630;2007;11;3540903;5100;26,4289786;16,16447667;0,294657201;36
Pradopolis;2016;511983;;;;19609;1448;1624;1963;11,38;3540903;5035;25,67698506;;;36
Praia Grande;2010;3276663;67;81558;26390;261391;20846;20893;22443;12,43;3541000;64182;24,55402061;32,35734079;0,025544108;38
Praia Grande;2011;3700064;68;91665;29293;267046;21586;21441;22731;12,67;3541000;65758;24,62422204;31,95658103;0,025332714;38
Praia Grande;2012;4312527;69;101379;31913;272824;22348;21999;23012;12,92;3541000;67359;24,68954344;31,47890589;0,025181069;38
Praia Grande;2013;4966418;68;111423;34406;278727;23130;22564;23292;13,17;3541000;68986;24,75038299;30,87872342;0,024507852;38
Praia Grande;2014;5512844;68;119236;36637;284757;23934;23139;23573;13,42;3541000;70646;24,8092233;30,72645845;0,023988875;38
Praia Grande;2015;4353703;65;125362;38413;290918;24759;23724;23852;13,68;3541000;72335;24,86439478;30,64166175;0,022243381;38
Praia Grande;2016;4353703;;;;295928;24391;24409;24350;13,92;3541000;73150;24,71885053;;;38
Pratania;2010;76785;90;1570;201;4593;434;432;394;9,45;3541059;1260;27,43305029;12,80254777;1,960374483;33
Pratania;2011;68293;84;1762;228;4648;446;437;405;9,66;3541059;1288;27,71084337;12,93984109;1,796901893;33
Pratania;2012;83356;91;2043;257;4701;446;442;418;9,91;3541059;1306;27,78132312;12,57953989;1,944692619;33
Pratania;2013;82774;86;2333;281;4758;447;445;429;10,19;3541059;1321;27,76376629;12,0445778;1,802648172;33
Pratania;2014;87669;73;2584;301;4813;455;448;439;10,49;3541059;1342;27,88281737;11,64860681;1,512362352;33
Pratania;2015;79775;67;2765;310;4870;452;451;451;10,82;3541059;1354;27,80287474;11,21157324;1,366324435;33
Pratania;2016;79775;;;;4926;442;454;464;11,04;3541059;1360;27,60860739;;;33
Presidente Alves;2010;38092;71;1293;232;4125;326;364;328;14,4;3541109;1018;24,67878788;17,94276875;1,720727273;9
Presidente Alves;2011;46864;67;1410;249;4112;324;358;331;14,81;3541109;1013;24,63521401;17,65957447;1,625486381;9
Presidente Alves;2012;52778;73;1539;269;4099;323;347;334;15,25;3541109;1004;24,49377897;17,47888239;1,784825567;9
Presidente Alves;2013;57353;72;1661;280;4086;321;330;343;15,69;3541109;994;24,32697014;16,85731487;1,761135585;9
Presidente Alves;2014;69929;70;1791;297;4073;319;318;346;16,18;3541109;983;24,13454456;16,58291457;1,714706604;9
Presidente Alves;2015;53003;77;1877;303;4060;317;307;341;16,7;3541109;965;23,76847291;16,14278103;1,89679803;9
Presidente Alves;2016;53003;;;;4052;297;307;335;17,18;3541109;939;23,17374136;;;9
Presidente Bernardes;2010;137330;73;5642;1179;13579;1113;1059;1006;17,64;3541208;3178;23,40378526;20,89684509;0,535385522;32
Presidente Bernardes;2011;149728;65;5997;1272;13597;1081;1071;1021;17,94;3541208;3173;23,33603001;21,2106053;0,480326543;32
Presidente Bernardes;2012;178558;64;6474;1397;13614;1049;1078;1034;18,25;3541208;3161;23,21874541;21,57862218;0,469075951;32
Presidente Bernardes;2013;192125;66;6948;1468;13633;1017;1092;1046;18,53;3541208;3155;23,14237512;21,12838227;0,48485293;32
Presidente Bernardes;2014;213225;70;7345;1552;13650;986;1098;1060;18,84;3541208;3144;23,03296703;21,13002042;0,509230769;32
Presidente Bernardes;2015;174193;71;7705;1623;13667;954;1112;1073;19,15;3541208;3139;22,96773249;21,064244;0,517523963;32
Presidente Bernardes;2016;174193;;;;13679;919;1080;1080;19,63;3541208;3079;22,50895533;;;32
Presidente Epitacio;2010;637466;73;19285;6656;41301;3464;3449;3431;12,21;3541307;10344;25,04539842;34,51387088;0,176678531;14
Presidente Epitacio;2011;642710;75;20810;7174;41407;3453;3431;3410;12,57;3541307;10294;24,86053083;34,47381067;0,181587654;14
Presidente Epitacio;2012;669187;72;22187;7590;41514;3434;3415;3390;12,93;3541307;10239;24,66396878;34,20922162;0,173724527;14
Presidente Epitacio;2013;873188;77;23543;7944;41621;3418;3395;3368;13,3;3541307;10181;24,46120949;33,7425137;0,185723553;14
Presidente Epitacio;2014;961855;76;24748;8209;41727;3404;3374;3344;13,68;3541307;10122;24,25767489;33,1703572;0,181992475;14
Presidente Epitacio;2015;756881;72;25860;8462;41835;3383;3353;3320;14,06;3541307;10056;24,03728935;32,72235112;0,171554918;14
Presidente Epitacio;2016;756881;;;;41947;3293;3346;3311;14,51;3541307;9950;23,72040909;;;14
Presidente Prudente;2010;4563335;78;118905;28693;207449;16355;17230;17336;13,58;3541406;50921;24,54627402;24,13102897;0,037503194;58
Presidente Prudente;2011;5021636;77;128001;31496;208900;16185;17180;17427;13,93;3541406;50792;24,31402585;24,60605777;0,036965055;58
Presidente Prudente;2012;5605428;78;135920;33693;210361;16010;17129;17515;14,28;3541406;50654;24,07955847;24,78884638;0,036865198;58
Presidente Prudente;2013;6305709;77;143910;35678;211832;15834;17073;17595;14,64;3541406;50502;23,84059066;24,79188382;0,036240983;58
Presidente Prudente;2014;6878962;80;151177;37440;213313;15656;17014;17672;15,01;3541406;50342;23,60006188;24,76567203;0,03769578;58
Presidente Prudente;2015;5675014;78;156862;39202;214805;15474;16952;17743;15,38;3541406;50169;23,35560159;24,99139371;0,036391145;58
Presidente Prudente;2016;5675014;;;;216044;15045;16775;17690;15,83;3541406;49510;22,91662809;;;58
Presidente Venceslau;2010;432068;76;20047;6373;37905;2789;3021;3069;14,96;3541505;8879;23,42435035;31,79029281;0,199815328;71
Presidente Venceslau;2011;470250;73;21169;6684;37923;2779;2992;3086;15,34;3541505;8857;23,35521979;31,57447211;0,192442581;71
Presidente Venceslau;2012;521832;74;22322;6954;37941;2766;2962;3101;15,72;3541505;8829;23,27034079;31,15312248;0,193800901;71
Presidente Venceslau;2013;600997;77;23612;7240;37957;2753;2931;3117;16,12;3541505;8801;23,18676397;30,66237506;0,201991727;71
Presidente Venceslau;2014;664456;80;24632;7548;37975;2738;2899;3129;16,52;3541505;8766;23,08360764;30,64306593;0,210111916;71
Presidente Venceslau;2015;537921;81;25669;7828;37994;2723;2867;3140;16,92;3541505;8730;22,97731221;30,49592894;0,213033637;71
Presidente Venceslau;2016;537921;;;;37995;2599;2859;3116;17,37;3541505;8574;22,56612712;;;71
Promissao;2010;1411352;70;16467;4475;35633;3052;3012;2946;12,93;3541604;9010;25,28554991;27,17556325;0,196110347;62
Promissao;2011;1655644;69;17759;4918;36039;3028;3051;2996;13,12;3541604;9075;25,18105386;27,69300073;0,191542496;62
Promissao;2012;1639354;68;18975;5286;36450;3003;3096;3046;13,33;3541604;9145;25,08916324;27,85770751;0,186035665;62
Promissao;2013;1554123;68;20457;5645;36866;2977;3140;3097;13,53;3541604;9214;24,99321868;27,59446644;0,184695926;62
Promissao;2014;1604252;69;21617;5931;37286;2952;3177;3148;13,73;3541604;9277;24,88065226;27,4367396;0,184010084;62
Promissao;2015;1572945;65;22684;6177;37711;2925;3223;3199;13,94;3541604;9347;24,7858715;27,23064715;0,172602159;62
Promissao;2016;1572945;;;;38094;2875;3194;3235;14,24;3541604;9304;24,42379377;;;62
Quadra;2010;72576;63;796;249;3231;257;219;262;13,53;3541653;738;22,84122563;31,28140704;1,946456206;11
Quadra;2011;56938;68;909;278;3280;269;230;258;13,93;3541653;757;23,07926829;30,58305831;2,087804878;11
Quadra;2012;56973;70;1030;310;3329;267;243;256;14,36;3541653;766;23,00991289;30,09708738;2,108440973;11
Quadra;2013;77881;86;1133;343;3379;276;255;252;14,8;3541653;783;23,17253625;30,27360989;2,534181711;11
Quadra;2014;82465;78;1213;356;3430;279;269;249;15,34;3541653;797;23,2361516;29,34872218;2,269387755;11
Quadra;2015;69367;85;1281;381;3482;277;284;246;15,82;3541653;807;23,17633544;29,74238876;2,436817921;11
Quadra;2016;69367;;;;3526;274;296;257;16,05;3541653;827;23,45433919;;;11
Quata;2010;272723;78;4763;670;12789;1125;1082;1054;11,85;3541703;3261;25,49847525;14,06676464;0,60982094;15
Quata;2011;283450;66;5097;747;12904;1123;1094;1064;12,08;3541703;3281;25,42622443;14,65567981;0,51317421;15
Quata;2012;327260;75;5526;852;13021;1106;1104;1075;12,33;3541703;3285;25,22847708;15,41802389;0,578066201;15
Quata;2013;341091;75;6025;952;13140;1097;1119;1084;12,59;3541703;3300;25,11415525;15,80082988;0,569025875;15
Quata;2014;363123;71;6467;1031;13259;1085;1142;1092;12,85;3541703;3319;25,0320537;15,94247719;0,534655706;15
Quata;2015;317529;73;6880;1137;13379;1075;1144;1102;13,14;3541703;3321;24,822483;16,52616279;0,543687869;15
Quata;2016;317529;;;;13488;1046;1143;1114;13,45;3541703;3303;24,48843416;;;15
Queiroz;2010;193421;74;588;103;2802;234;231;252;11,46;3541802;717;25,5888651;17,5170068;2,652034261;11
Queiroz;2011;135057;82;649;113;2849;244;236;253;11,37;3541802;733;25,72832573;17,41140216;2,882414882;11
Queiroz;2012;134398;78;749;123;2897;256;243;255;11,43;3541802;754;26,0269244;16,42189586;2,704176735;11
Queiroz;2013;236585;73;853;140;2945;268;249;256;11,51;3541802;773;26,24787776;16,4126612;2,489983022;11
Queiroz;2014;265612;61;910;145;2994;283;254;256;11,59;3541802;793;26,48630595;15,93406593;2,039078156;11
Queiroz;2015;193015;62;992;159;3044;291;260;257;11,63;3541802;808;26,54402102;16,02822581;2,041721419;11
Queiroz;2016;193015;;;;3089;293;270;262;11,75;3541802;825;26,70767239;;;11
Queluz;2010;109057;55;2388;496;11289;950;1012;1043;10,49;3541901;3005;26,61883249;20,77051926;0,483036584;45
Queluz;2011;127520;52;2584;548;11438;951;1013;1056;10,73;3541901;3020;26,40321735;21,20743034;0,45112782;45
Queluz;2012;150640;50;2825;602;11588;953;1013;1059;10,98;3541901;3025;26,10459096;21,30973451;0,432257508;45
Queluz;2013;186697;49;3069;633;11740;953;1015;1067;11,24;3541901;3035;25,85178876;20,62561095;0,413117547;45
Queluz;2014;198397;51;3234;673;11894;951;1015;1083;11,53;3541901;3049;25,63477384;20,81014224;0,430048764;45
Queluz;2015;154462;52;3415;719;12051;952;1016;1085;11,81;3541901;3053;25,33399718;21,05417277;0,429507925;45
Queluz;2016;154462;;;;12168;956;1012;1080;12,09;3541901;3048;25,04930966;;;45
Quintana;2010;71568;76;1629;198;5999;480;527;505;14,54;3542008;1512;25,2042007;12,15469613;1,258876479;12
Quintana;2011;87996;82;1854;248;6050;482;527;513;14,76;3542008;1522;25,15702479;13,37648328;1,361818182;12
Quintana;2012;98320;68;2123;284;6102;487;515;527;15,03;3542008;1529;25,05735824;13,37729628;1,120943953;12
Quintana;2013;121703;67;2377;314;6154;488;510;540;15,27;3542008;1538;24,9918752;13,20992848;1,083360416;12
Quintana;2014;131203;71;2613;342;6207;492;502;542;15,58;3542008;1536;24,74625423;13,08840413;1,147575318;12
Quintana;2015;102158;69;2790;342;6260;494;496;546;15,85;3542008;1536;24,53674121;12,25806452;1,099680511;12
Quintana;2016;102158;;;;6307;475;498;545;16,22;3542008;1518;24,06849532;;;12
Rafard;2010;186779;86;4087;841;8610;685;784;789;12,69;3542107;2258;26,2253194;20,57744067;0,993495935;24
Rafard;2011;220516;80;4409;924;8642;679;759;792;12,84;3542107;2230;25,80421199;20,95713314;0,922818792;24
Rafard;2012;212973;75;4745;973;8673;674;734;780;12,99;3542107;2188;25,22771821;20,50579557;0,861870172;24
Rafard;2013;226958;74;5030;987;8705;669;710;767;13,15;3542107;2146;24,65249856;19,6222664;0,855140724;24
Rafard;2014;250644;79;5274;1004;8738;661;686;768;13,36;3542107;2115;24,20462348;19,03678422;0,903982605;24
Rafard;2015;219574;77;5444;1050;8770;655;663;756;13,51;3542107;2074;23,64880274;19,28728876;0,878449259;24
Rafard;2016;219574;;;;8810;647;660;734;13,84;3542107;2041;23,16685585;;;24
Rancharia;2010;562997;82;12008;2700;28804;2438;2342;2261;13,96;3542206;7041;24,44452159;22,48500999;0,283328704;139
Rancharia;2011;638756;74;12917;2950;28803;2393;2345;2259;14,26;3542206;6997;24,29260841;22,83812031;0,255945561;139
Rancharia;2012;831018;88;13961;3187;28802;2349;2349;2257;14,56;3542206;6955;24,14762864;22,82787766;0,30522186;139
Rancharia;2013;908882;87;15071;3437;28801;2306;2352;2252;14,86;3542206;6910;23,99222249;22,80538783;0,301552029;139
Rancharia;2014;897289;87;16190;3682;28800;2261;2351;2248;15,17;3542206;6860;23,81944444;22,7424336;0,300520833;139
Rancharia;2015;767788;85;17079;3996;28799;2217;2351;2242;15,48;3542206;6810;23,6466544;23,3971544;0,296781138;139
Rancharia;2016;767788;;;;28809;2165;2311;2251;15,89;3542206;6727;23,35034191;;;139
Redencao da Serra;2010;32049;56;1321;315;3874;333;257;268;15,07;3542305;858;22,14765101;23,84557154;1,439597315;24
Redencao da Serra;2011;34199;63;1437;358;3869;336;268;263;15,46;3542305;867;22,40889119;24,91301322;1,632463169;24
Redencao da Serra;2012;35413;66;1559;376;3864;347;279;257;15,92;3542305;883;22,85196687;24,11802437;1,709109731;24
Redencao da Serra;2013;43907;67;1715;413;3857;348;292;252;16,41;3542305;892;23,12678247;24,08163265;1,74487944;24
Redencao da Serra;2014;44062;67;1810;442;3852;350;304;246;16,9;3542305;900;23,36448598;24,4198895;1,726635514;24
Redencao da Serra;2015;37926;68;1897;455;3847;345;317;241;17,36;3542305;903;23,47283598;23,98523985;1,779828438;24
Redencao da Serra;2016;37926;;;;3845;335;320;252;17,82;3542305;907;23,58907672;;;24
Regente Feijo;2010;386949;76;7417;1273;18481;1472;1494;1518;13,67;3542404;4484;24,26275634;17,16327356;0,408906444;55
Regente Feijo;2011;425574;68;8113;1439;18586;1472;1496;1524;13,98;3542404;4492;24,16872915;17,73696536;0,364790703;55
Regente Feijo;2012;472656;68;8812;1581;18692;1471;1497;1521;14,31;3542404;4489;24,01562166;17,94144349;0,364219987;55
Regente Feijo;2013;548999;74;9548;1699;18799;1470;1498;1524;14,64;3542404;4492;23,89488803;17,79430247;0,392520879;55
Regente Feijo;2014;583152;71;10268;1842;18906;1469;1500;1523;14,98;3542404;4492;23,75965302;17,93922867;0,375436369;55
Regente Feijo;2015;483466;69;10935;1938;19014;1466;1499;1523;15,33;3542404;4488;23,60366046;17,72290809;0,363469023;55
Regente Feijo;2016;483466;;;;19109;1405;1499;1525;15,77;3542404;4429;23,17756031;;;55
Reginopolis;2010;59232;39;2086;374;7297;725;1510;769;11,53;3542503;3004;41,16760312;17,92905081;0,533643963;14
Reginopolis;2011;80844;44;2304;396;7290;715;1516;774;11,77;3542503;3005;41,22085048;17,1875;0,600960219;14
Reginopolis;2012;78277;46;2409;422;7281;704;1518;779;12,02;3542503;3001;41,21686582;17,51764218;0,627386348;14
Reginopolis;2013;85552;48;2585;437;7274;692;1521;783;12,29;3542503;2996;41,18779214;16,90522244;0,656860049;14
Reginopolis;2014;106286;48;2753;443;7265;681;1517;787;12,59;3542503;2985;41,08740537;16,09153651;0,656985547;14
Reginopolis;2015;82038;45;2817;441;7258;671;1511;791;12,9;3542503;2973;40,96169744;15,65495208;0,613805456;14
Reginopolis;2016;82038;;;;7249;663;1506;791;13,17;3542503;2960;40,83321837;;;14
Registro;2010;899415;80;20848;6323;54257;4656;4244;4348;11,99;3542602;13248;24,4171259;30,32904835;0,147004073;42
Registro;2011;1007679;84;23197;7161;54207;4724;4266;4256;12,32;3542602;13246;24,43595846;30,87037117;0,154666372;42
Registro;2012;1207472;86;25448;7763;54157;4794;4285;4165;12,65;3542602;13244;24,45482578;30,50534423;0,158151301;42
Registro;2013;1300500;89;27264;8150;54107;4860;4303;4074;12,98;3542602;13237;24,46448703;29,89289906;0,163842017;42
Registro;2014;1473754;89;29160;8635;54058;4926;4318;3985;13,31;3542602;13229;24,47186355;29,61248285;0,165044952;42
Registro;2015;1177764;94;30487;8970;54008;4990;4331;3896;13,65;3542602;13217;24,4723004;29,42237675;0,17443712;42
Registro;2016;1177764;;;;54050;4798;4416;3935;14,03;3542602;13149;24,32747456;;;42
Restinga;2010;113179;67;1842;488;6578;583;642;547;9,05;3542701;1772;26,93827911;26,49294245;1,020826999;32
Restinga;2011;94064;62;2075;543;6668;597;632;568;9,28;3542701;1797;26,94961008;26,1686747;0,936712657;32
Restinga;2012;121745;68;2293;608;6759;609;626;588;9,53;3542701;1823;26,97144548;26,5154819;1,005326232;32
Restinga;2013;119730;69;2523;694;6852;621;613;610;9,82;3542701;1844;26,91185055;27,50693619;1,012113252;32
Restinga;2014;135174;63;2740;739;6946;643;603;631;10,15;3542701;1877;27,0227469;26,97080292;0,909012381;32
Restinga;2015;116778;66;2950;784;7041;648;594;653;10,47;3542701;1895;26,91379065;26,57627119;0,933532169;32
Restinga;2016;116778;;;;7129;635;606;650;10,84;3542701;1891;26,52545939;;;32
Ribeira;2010;22493;78;482;148;3359;300;213;222;16,05;3542800;735;21,88151235;30,70539419;2,331348616;22
Ribeira;2011;23647;88;511;157;3343;303;223;215;16,3;3542800;741;22,16571941;30,72407045;2,629075681;22
Ribeira;2012;25910;91;546;168;3327;306;236;209;16,65;3542800;751;22,57288849;30,76923077;2,738202585;22
Ribeira;2013;29220;81;607;198;3311;308;249;202;17;3542800;759;22,92358804;32,61943987;2,460887949;22
Ribeira;2014;36314;74;685;221;3295;316;262;195;17,39;3542800;773;23,45978756;32,26277372;2,260394537;22
Ribeira;2015;27517;82;742;238;3279;309;277;191;17,78;3542800;777;23,69624886;32,0754717;2,492223239;22
Ribeira;2016;27517;;;;3272;305;280;201;18,09;3542800;786;24,02200489;;;22
Ribeirao Bonito;2010;151305;63;4594;802;12127;1042;1118;1050;12,28;3542909;3210;26,46986064;17,45755333;0,519419477;21
Ribeirao Bonito;2011;164621;63;4983;875;12209;1034;1108;1059;12,45;3542909;3201;26,2183635;17,55970299;0,513965108;21
Ribeirao Bonito;2012;198556;66;5399;933;12291;1027;1089;1071;12,64;3542909;3187;25,92954194;17,28097796;0,540639492;21
Ribeirao Bonito;2013;246197;67;5788;970;12374;1019;1063;1089;12,83;3542909;3171;25,62631324;16,75881133;0,544124778;21
Ribeirao Bonito;2014;244757;64;6050;1006;12458;1011;1044;1095;13,04;3542909;3150;25,28495746;16,62809917;0,513244502;21
Ribeirao Bonito;2015;201087;66;6314;1049;12542;1003;1027;1099;13,24;3542909;3129;24,94817413;16,61387393;0,524398023;21
Ribeirao Bonito;2016;201087;;;;12625;984;1020;1089;13,49;3542909;3093;24,4990099;;;21
Ribeirao Branco;2010;156171;56;2197;769;18292;1865;1482;1444;9,49;3543006;4791;26,19177783;35,00227583;0,308768861;52
Ribeirao Branco;2011;134615;60;2415;869;18182;1898;1520;1414;9,81;3543006;4832;26,57573424;35,98343685;0,330821692;52
Ribeirao Branco;2012;183648;60;2643;941;18072;1932;1558;1384;10,15;3543006;4874;26,96989819;35,60348089;0,332724657;52
Ribeirao Branco;2013;308516;63;3014;1060;17963;1960;1595;1354;10,49;3543006;4909;27,32839726;35,16921035;0,350442576;52
Ribeirao Branco;2014;504479;62;3420;1183;17855;1992;1633;1322;10,8;3543006;4947;27,70652478;34,59064327;0,346065528;52
Ribeirao Branco;2015;257486;63;3918;1338;17748;2020;1669;1291;11,16;3543006;4980;28,05949966;34,15007657;0,355420329;52
Ribeirao Branco;2016;257486;;;;17736;1927;1714;1339;11,42;3543006;4980;28,07848444;;;52
Ribeirao Corrente;2010;64579;71;1358;320;4270;377;393;359;10,7;3543105;1129;26,44028103;23,5640648;1,663934426;12
Ribeirao Corrente;2011;51252;75;1513;348;4310;385;391;365;10,95;3543105;1141;26,47331787;23,00066094;1,750116009;12
Ribeirao Corrente;2012;77195;76;1683;402;4350;392;387;372;11,29;3543105;1151;26,45977011;23,885918;1,741149425;12
Ribeirao Corrente;2013;71015;73;1824;422;4391;402;384;378;11,59;3543105;1164;26,50876793;23,13596491;1,656342519;12
Ribeirao Corrente;2014;92461;74;2024;442;4432;417;380;384;11,91;3543105;1181;26,64711191;21,83794466;1,66967509;12
Ribeirao Corrente;2015;71300;73;2129;446;4473;417;377;392;12,23;3543105;1186;26,51464342;20,94880225;1,625083836;12
Ribeirao Corrente;2016;71300;;;;4511;406;385;390;12,55;3543105;1181;26,18044779;;;12
Ribeirao do Sul;2010;60336;78;1685;403;4446;346;328;317;15,68;3543204;991;22,28969861;23,91691395;1,75888439;13
Ribeirao do Sul;2011;63906;85;1842;441;4434;350;328;316;16,06;3543204;994;22,41768155;23,94136808;1,918132612;13
Ribeirao do Sul;2012;72949;82;1989;465;4423;363;329;315;16,46;3543204;1007;22,76735248;23,3785822;1,86004974;13
Ribeirao do Sul;2013;80251;75;2180;481;4412;368;330;312;16,93;3543204;1010;22,89211242;22,06422018;1,689709882;13
Ribeirao do Sul;2014;88900;71;2349;530;4401;372;330;311;17,38;3543204;1013;23,01749602;22,56279268;1,603953647;13
Ribeirao do Sul;2015;73268;67;2448;550;4389;370;330;310;17,86;3543204;1010;23,01207564;22,46732026;1,52244247;13
Ribeirao do Sul;2016;73268;;;;4383;352;336;312;18,34;3543204;1000;22,81542323;;;13
Ribeirao dos Indios;2010;21533;77;746;265;2187;144;150;158;18,52;3543238;452;20,66758116;35,5227882;3,505715592;
Ribeirao dos Indios;2011;25941;76;801;284;2182;150;148;154;18,74;3543238;452;20,71494042;35,4556804;3,474793767;
Ribeirao dos Indios;2012;28422;75;888;310;2176;159;145;152;19,12;3543238;456;20,95588235;34,90990991;3,458639706;
Ribeirao dos Indios;2013;31216;64;948;317;2171;170;143;149;19,39;3543238;462;21,28051589;33,43881857;2,967296177;
Ribeirao dos Indios;2014;33277;54;1024;331;2165;182;140;146;19,82;3543238;468;21,61662818;32,32421875;2,515473441;
Ribeirao dos Indios;2015;28078;61;1095;370;2160;181;138;144;20,32;3543238;463;21,43518519;33,78995434;2,803240741;
Ribeirao dos Indios;2016;28078;;;;2156;176;145;142;20,92;3543238;463;21,47495362;;;
Ribeirao Grande;2010;206716;77;1631;561;7422;654;596;625;12,73;3543253;1875;25,26273242;34,39607603;1,030719483;12
Ribeirao Grande;2011;230006;74;1831;642;7431;660;601;612;12,96;3543253;1873;25,20522137;35,06280721;0,991791145;12
Ribeirao Grande;2012;233950;77;2069;721;7440;664;607;598;13,2;3543253;1869;25,12096774;34,84775254;1,038037634;12
Ribeirao Grande;2013;214884;87;2365;818;7448;669;610;584;13,44;3543253;1863;25,01342642;34,58773784;1,172663802;12
Ribeirao Grande;2014;243342;86;2591;899;7457;683;613;570;13,75;3543253;1866;25,02346788;34,69702817;1,157838273;12
Ribeirao Grande;2015;28078;64;2843;986;7466;680;617;556;14,04;3543253;1853;24,81918028;34,68167429;0,863112778;12
Ribeirao Grande;2016;28078;;;;7475;658;623;562;14,29;3543253;1843;24,65551839;;;12
Ribeirao Pires;2010;1803800;77;53261;5541;112994;8945;10030;10247;10,94;3543303;29222;25,86155017;10,40348473;0,068561163;59
Ribeirao Pires;2011;2025927;80;59362;6242;113659;8960;9790;10187;11,42;3543303;28937;25,45948847;10,51514437;0,070377181;59
Ribeirao Pires;2012;2212394;81;61632;6491;114327;8969;9552;10124;11,91;3543303;28645;25,05532376;10,53186656;0,071015596;59
Ribeirao Pires;2013;2569595;81;62638;6661;115000;8974;9315;10053;12,42;3543303;28342;24,64521739;10,63411986;0,070278261;59
Ribeirao Pires;2014;2606481;83;63587;6754;115677;8975;9078;9979;12,94;3543303;28032;24,23299359;10,62166795;0,071492172;59
Ribeirao Pires;2015;28078;80;64514;6984;116358;8970;8842;9900;13,49;3543303;27712;23,81615359;10,82555724;0,06844394;59
Ribeirao Pires;2016;28078;;;;116875;8652;8859;9664;14,02;3543303;27175;23,2513369;;;59
Ribeirao Preto;2010;18280844;76;397919;102845;603774;47324;56140;59087;12,61;3543402;162551;26,92249087;25,84571232;0,01255271;203
Ribeirao Preto;2011;20127799;76;425690;111820;612346;47059;55348;59602;12,91;3543402;162009;26,45710105;26,26794146;0,01245211;203
Ribeirao Preto;2012;21854359;77;450015;118557;621038;46776;54545;60092;13,2;3543402;161413;25,99084114;26,34512183;0,01242114;203
Ribeirao Preto;2013;24905981;78;471453;123989;629855;46474;53732;60571;13,5;3543402;160777;25,52603377;26,29933419;0,012369514;203
Ribeirao Preto;2014;28087397;76;487691;128267;638796;46159;52911;61020;13,8;3543402;160090;25,0612089;26,30087494;0,011911471;203
Ribeirao Preto;2015;28078;70;498066;131563;647862;45824;52081;61452;14,1;3543402;159357;24,59736796;26,41477234;0,010817118;203
Ribeirao Preto;2016;28078;;;;654893;44897;51578;60407;14,5;3543402;156882;23,9553637;;;203
Rifaina;2010;41410;66;1320;167;3435;263;251;270;14,99;3543600;784;22,82387191;12,65151515;1,9286754;9
Rifaina;2011;45423;69;1384;178;3438;263;252;264;15,33;3543600;779;22,6585224;12,86127168;2,005235602;9
Rifaina;2012;51171;70;1553;194;3441;265;253;259;15,66;3543600;777;22,58064516;12,49195106;2,028770706;9
Rifaina;2013;55716;64;1761;221;3444;264;255;255;16,11;3543600;774;22,4738676;12,54968768;1,844367015;9
Rifaina;2014;63729;73;1894;232;3447;264;257;251;16,48;3543600;772;22,39628663;12,24920803;2,129968088;9
Rifaina;2015;51490;92;1991;246;3450;265;261;248;16,87;3543600;774;22,43478261;12,3556002;2,66;9
Rifaina;2016;51490;;;;3454;261;261;249;17,34;3543600;771;22,32194557;;;9
Rincao;2010;124568;71;3505;572;10413;910;882;912;12,1;3543709;2704;25,96754057;16,31954351;0,686161529;37
Rincao;2011;136063;79;3799;610;10419;913;879;896;12,38;3543709;2688;25,79902102;16,05685707;0,758710049;37
Rincao;2012;161241;76;4125;637;10426;900;879;881;12,66;3543709;2660;25,51314023;15,44242424;0,724726645;37
Rincao;2013;164361;71;4479;662;10433;897;875;865;12,97;3543709;2637;25,27556791;14,78008484;0,68187482;37
Rincao;2014;168485;72;4743;704;10440;903;871;848;13,28;3543709;2622;25,11494253;14,84292642;0,687260536;37
Rincao;2015;150944;69;4892;700;10446;890;868;833;13,6;3543709;2591;24,80375263;14,30907604;0,658721042;37
Rincao;2016;150944;;;;10456;861;869;833;13,96;3543709;2563;24,51224178;;;37
Rinopolis;2010;101762;69;4055;723;9938;781;862;770;17,52;3543808;2413;24,28053934;17,8298397;0,692191588;25
Rinopolis;2011;122982;63;4405;801;9913;754;850;781;17,86;3543808;2385;24,05931605;18,18388195;0,631897508;25
Rinopolis;2012;129060;56;4762;853;9888;729;820;794;18,2;3543808;2343;23,69538835;17,91264175;0,568770227;25
Rinopolis;2013;156433;50;5130;906;9863;701;796;814;18,56;3543808;2311;23,43100477;17,66081871;0,503193754;25
Rinopolis;2014;208691;54;5472;935;9838;676;772;821;18,95;3543808;2269;23,06363082;17,0869883;0,550518398;25
Rinopolis;2015;143786;57;5672;990;9813;652;751;825;19,32;3543808;2228;22,70457556;17,45416079;0,57739733;25
Rinopolis;2016;143786;;;;9795;643;726;813;19,81;3543808;2182;22,27667177;;;25
Rio Claro;2010;5639384;77;121663;40993;186095;14478;16056;16989;13,39;3543907;47523;25,53695693;33,69389214;0,04132298;65
Rio Claro;2011;6513402;76;129367;43550;187667;14444;15892;16989;13,66;3543907;47325;25,21753958;33,66391738;0,040603836;65
Rio Claro;2012;7244123;79;137219;45846;189251;14407;15722;16979;13,92;3543907;47108;24,89181035;33,41082503;0,041849184;65
Rio Claro;2013;7756694;79;143998;47734;190849;14365;15550;16969;14,19;3543907;46884;24,56601816;33,14907151;0,041483057;65
Rio Claro;2014;8455120;81;150264;49489;192460;14316;15374;16949;14,46;3543907;46639;24,23308739;32,93470159;0,042330874;65
Rio Claro;2015;7121745;83;155523;51056;194087;14263;15195;16924;14,73;3543907;46382;23,89753049;32,82858484;0,042929202;65
Rio Claro;2016;7121745;;;;195490;13793;15138;16736;15,14;3543907;45667;23,36027418;;;65
Rio das Pedras;2010;764123;64;13429;2408;29445;2424;2887;2965;9,49;3544004;8276;28,1066395;17,93134262;0,217388351;33
Rio das Pedras;2011;873448;63;14589;2669;29967;2461;2847;3012;9,7;3544004;8320;27,76387359;18,29460552;0,210231254;33
Rio das Pedras;2012;882330;62;15778;2820;30500;2500;2807;3052;9,93;3544004;8359;27,40655738;17,8729877;0,203672131;33
Rio das Pedras;2013;1045005;61;16838;2954;31042;2537;2766;3094;10,16;3544004;8397;27,05044778;17,54365126;0,195058308;33
Rio das Pedras;2014;1046942;58;17746;3065;31593;2573;2725;3138;10,39;3544004;8436;26,70211756;17,2714978;0,183806539;33
Rio das Pedras;2015;922370;55;18300;3162;32154;2610;2683;3178;10,62;3544004;8471;26,34508926;17,27868852;0,171145114;33
Rio das Pedras;2016;922370;;;;32594;2568;2706;3121;10,93;3544004;8395;25,75627416;;;33
Rio Grande da Serra;2010;384515;63;10800;1795;43912;3879;4018;4223;7,83;3544103;12120;27,60065586;16,62037037;0,143172709;5
Rio Grande da Serra;2011;425066;64;12234;1996;44504;3951;4031;4226;8,17;3544103;12208;27,43124214;16,31518718;0,143650009;5
Rio Grande da Serra;2012;451991;62;14019;2194;45103;4022;4042;4226;8,52;3544103;12290;27,24874177;15,65018903;0,137973084;5
Rio Grande da Serra;2013;529734;63;15256;2368;45710;4093;4050;4227;8,88;3544103;12370;27,06191205;15,52176193;0,1381317;5
Rio Grande da Serra;2014;519828;61;16422;2502;46326;4162;4057;4223;9,25;3544103;12442;26,85748824;15,23565948;0,131157449;5
Rio Grande da Serra;2015;922370;61;17246;2582;46949;4231;4062;4218;9,64;3544103;12511;26,64806492;14,97158761;0,129459626;5
Rio Grande da Serra;2016;922370;;;;47508;4126;4130;4228;10,02;3544103;12484;26,27767955;;;5
Riolandia;2010;108356;70;2267;396;10556;787;1112;1168;10,84;3544202;3067;29,05456612;17,46801941;0,664172035;52
Riolandia;2011;128033;69;2502;477;10643;784;1088;1206;10,98;3544202;3078;28,92041718;19,0647482;0,650286573;52
Riolandia;2012;135089;73;2787;504;10731;783;1064;1240;11,16;3544202;3087;28,76712329;18,08396125;0,683813251;52
Riolandia;2013;148518;74;3062;547;10820;781;1040;1271;11,31;3544202;3092;28,5767098;17,86414108;0,682347505;52
Riolandia;2014;151155;71;3262;589;10910;777;1014;1312;11,5;3544202;3103;28,44179652;18,05640711;0,653253896;52
Riolandia;2015;134230;77;3407;620;11001;774;992;1341;11,68;3544202;3107;28,24288701;18,197828;0,700481774;52
Riolandia;2016;134230;;;;11084;766;989;1321;11,89;3544202;3076;27,75171418;;;52
Riversul;2010;32334;58;1407;483;6171;558;387;439;16,06;3543501;1384;22,42748339;34,32835821;0,941824664;30
Riversul;2011;35265;64;1547;522;6115;556;409;417;16,35;3543501;1382;22,60016353;33,74272786;1,044480785;30
Riversul;2012;39165;68;1691;541;6058;558;431;395;16,69;3543501;1384;22,8458237;31,99290361;1,118025751;30
Riversul;2013;44344;63;1826;554;6003;544;457;376;16,97;3543501;1377;22,93853073;30,33953998;1,049975012;30
Riversul;2014;48462;65;1930;596;5947;546;481;356;17,3;3543501;1383;23,2554229;30,88082902;1,091642845;30
Riversul;2015;39914;59;2036;629;5893;531;508;338;17,65;3543501;1377;23,36670626;30,89390963;1,003054471;30
Riversul;2016;39914;;;;5855;502;514;361;17,98;3543501;1377;23,51836038;;;30
Rosana;2010;876861;71;5369;1287;19725;1920;1619;1436;11,03;3544251;4975;25,22179975;23,97094431;0,358276299;60
Rosana;2011;899399;74;5966;1458;19556;1907;1640;1432;11,55;3544251;4979;25,46021681;24,43848475;0,380445899;60
Rosana;2012;1034336;79;6548;1608;19389;1887;1659;1427;12,07;3544251;4973;25,64856362;24,55711668;0,408272732;60
Rosana;2013;1113517;72;7151;1689;19222;1872;1676;1420;12,62;3544251;4968;25,8453855;23,61907426;0,375819374;60
Rosana;2014;1230761;74;7782;1786;19058;1854;1692;1413;13,19;3544251;4959;26,02056879;22,95039836;0,388760625;60
Rosana;2015;1030975;73;8373;1893;18894;1835;1707;1405;13,76;3544251;4947;26,18291521;22,60838409;0,38657775;60
Rosana;2016;1030975;;;;18791;1714;1706;1435;14,38;3544251;4855;25,83683678;;;60
Roseira;2010;171147;50;3626;813;9590;842;788;919;9,71;3544301;2549;26,57977059;22,42140099;0,52544317;11
Roseira;2011;208320;53;3911;860;9698;838;804;903;10;3544301;2545;26,24252423;21,98926106;0,546298206;11
Roseira;2012;197180;52;4146;888;9807;833;820;877;10,31;3544301;2530;25,79789946;21,41823444;0,530233507;11
Roseira;2013;236081;59;4436;930;9917;827;836;856;10,64;3544301;2519;25,40082686;20,96483318;0,591106181;11
Roseira;2014;227851;58;4675;978;10029;821;851;836;11,01;3544301;2508;25,00747831;20,9197861;0,577724599;11
Roseira;2015;208116;58;4861;1011;10142;814;865;814;11,4;3544301;2493;24,5809505;20,79818967;0,570203116;11
Roseira;2016;208116;;;;10240;797;859;828;11,84;3544301;2484;24,2578125;;;11
Rubiacea;2010;59584;73;760;191;2725;234;249;226;12,29;3544400;709;26,01834862;25,13157895;2,68587156;9
Rubiacea;2011;59301;71;868;210;2765;234;258;236;12,3;3544400;728;26,32911392;24,19354839;2,552983725;9
Rubiacea;2012;63898;75;943;215;2805;233;257;245;12,44;3544400;735;26,20320856;22,79957582;2,680213904;9
Rubiacea;2013;44354;71;1014;222;2846;232;258;256;12,47;3544400;746;26,21222769;21,89349112;2,480323261;9
Rubiacea;2014;47541;74;1112;232;2887;231;258;271;12,57;3544400;760;26,32490475;20,86330935;2,565639072;9
Rubiacea;2015;54936;71;1163;241;2930;230;260;276;12,73;3544400;766;26,14334471;20,72226999;2,426962457;9
Rubiacea;2016;54936;;;;2965;227;258;285;12,88;3544400;770;25,96964587;;;9
Rubineia;2010;30425;75;1092;185;2860;198;210;167;19,23;3544509;575;20,1048951;16,94139194;2,637062937;30
Rubineia;2011;37101;85;1195;217;2875;203;210;177;19,72;3544509;590;20,52173913;18,15899582;2,960695652;30
Rubineia;2012;43472;82;1382;233;2889;208;210;187;20,35;3544509;605;20,94150225;16,85962373;2,847352025;30
Rubineia;2013;50531;79;1505;248;2904;213;210;199;20,9;3544509;622;21,41873278;16,47840532;2,711432507;30
Rubineia;2014;54015;80;1636;278;2919;223;210;211;21,48;3544509;644;22,06235012;16,99266504;2,750942103;30
Rubineia;2015;43109;90;1725;294;2934;224;210;223;22,12;3544509;657;22,39263804;17,04347826;3,077709611;30
Rubineia;2016;43109;;;;2945;213;214;232;22,44;3544509;659;22,37691002;;;30
Sabino;2010;79085;52;1881;557;5215;450;389;405;16,84;3544608;1244;23,85426654;29,61190856;0,997315436;8
Sabino;2011;78717;57;2073;602;5242;444;401;402;17,07;3544608;1247;23,78863029;29,04003859;1,096146509;8
Sabino;2012;77498;59;2274;644;5270;437;413;399;17,32;3544608;1249;23,70018975;28,32014072;1,116698292;8
Sabino;2013;89482;59;2471;665;5298;414;436;397;17,59;3544608;1247;23,53718384;26,9121813;1,118535296;8
Sabino;2014;104690;61;2628;682;5326;404;446;394;17,87;3544608;1244;23,35711603;25,95129376;1,153586181;8
Sabino;2015;85894;52;2762;708;5354;393;452;391;18,19;3544608;1236;23,08554352;25,63359884;0,971236459;8
Sabino;2016;85894;;;;5377;379;446;403;18,56;3544608;1228;22,83801376;;;8
Sagres;2010;23066;71;582;116;2395;203;172;176;15,99;3544707;551;23,00626305;19,93127148;2,972860125;6
Sagres;2011;24438;73;663;137;2389;210;176;173;16,37;3544707;559;23,39891168;20,66365008;3,050230222;6
Sagres;2012;32979;60;743;148;2383;213;179;169;16,79;3544707;561;23,54175409;19,9192463;2,50482585;6
Sagres;2013;33531;57;808;152;2378;209;185;166;17,2;3544707;560;23,54920101;18,81188119;2,383936081;6
Sagres;2014;36270;63;888;167;2372;211;187;163;17,75;3544707;561;23,65092749;18,80630631;2,667790894;6
Sagres;2015;30057;63;913;178;2366;203;191;160;18,3;3544707;554;23,41504649;19,49616648;2,66737109;6
Sagres;2016;30057;;;;2365;203;192;164;18,77;3544707;559;23,63636364;;;6
Sales;2010;58098;78;1865;299;5443;414;405;453;15,74;3544806;1272;23,36946537;16,03217158;1,431379754;26
Sales;2011;67436;66;2047;321;5509;414;414;457;16,03;3544806;1285;23,32546742;15,6814851;1,200399347;26
Sales;2012;81337;69;2232;345;5577;415;424;455;16,33;3544806;1294;23,20243859;15,45698925;1,22915546;26
Sales;2013;92430;71;2489;394;5645;415;433;448;16,63;3544806;1296;22,95837024;15,82965046;1,264304694;26
Sales;2014;105414;68;2720;435;5714;414;442;448;16,96;3544806;1304;22,82114106;15,99264706;1,188134407;26
Sales;2015;80943;75;2815;440;5784;414;452;447;17,34;3544806;1313;22,70055325;15,63055062;1,291320885;26
Sales;2016;80943;;;;5836;414;451;455;17,7;3544806;1320;22,61823167;;;26
Sales Oliveira;2010;192885;59;4712;780;10557;878;929;883;13,68;3544905;2690;25,48072369;16,55348048;0,560007578;71
Sales Oliveira;2011;209420;57;5109;873;10660;872;930;902;14,01;3544905;2704;25,36585366;17,08749266;0,532926829;71
Sales Oliveira;2012;246503;53;5452;959;10765;866;926;921;14,34;3544905;2713;25,20204366;17,58987528;0,49094287;71
Sales Oliveira;2013;265311;59;5785;996;10869;860;927;938;14,69;3544905;2725;25,07130371;17,21694036;0,544024289;71
Sales Oliveira;2014;285160;60;6144;1066;10975;853;926;959;15,03;3544905;2738;24,9476082;17,35026042;0,546697039;71
Sales Oliveira;2015;239856;60;6403;1110;11083;845;923;980;15,43;3544905;2748;24,79473067;17,33562393;0,543535144;71
Sales Oliveira;2016;239856;;;;11169;817;915;983;15,86;3544905;2715;24,30835348;;;71
Salesopolis;2010;127546;76;6976;1513;15624;1356;1284;1178;12,5;3545001;3818;24,43676395;21,68864679;0,487199181;29
Salesopolis;2011;136584;78;7794;1658;15743;1376;1297;1196;12,65;3545001;3869;24,57600203;21,27277393;0,497363908;29
Salesopolis;2012;145900;76;8636;1769;15861;1393;1307;1213;12,8;3545001;3913;24,67057563;20,48402038;0,478469201;29
Salesopolis;2013;162547;78;9333;1906;15983;1411;1318;1230;12,99;3545001;3959;24,7700682;20,42215793;0,485077895;29
Salesopolis;2014;182389;81;9840;2032;16104;1434;1327;1247;13,17;3545001;4008;24,88822653;20,6504065;0,50136612;29
Salesopolis;2015;150993;76;10227;2132;16226;1447;1337;1263;13,37;3545001;4047;24,94145199;20,84677814;0,465610748;29
Salesopolis;2016;150993;;;;16346;1408;1356;1275;13,65;3545001;4039;24,70940903;;;29
Salmourao;2010;52694;66;994;187;4814;440;368;369;14,79;3545100;1177;24,44952223;18,81287726;1,377025343;12
Salmourao;2011;54129;68;1128;223;4843;439;383;371;15,09;3545100;1193;24,63349164;19,76950355;1,405120793;12
Salmourao;2012;61905;62;1208;236;4872;435;400;373;15,39;3545100;1208;24,79474548;19,53642384;1,270935961;12
Salmourao;2013;56338;58;1324;264;4901;428;417;374;15,67;3545100;1219;24,87247501;19,93957704;1,180779433;12
Salmourao;2014;59190;65;1486;291;4930;410;440;376;16,06;3545100;1226;24,86815416;19,58277254;1,318458418;12
Salmourao;2015;56851;58;1569;292;4960;403;450;378;16,47;3545100;1231;24,81854839;18,61057999;1,163104839;12
Salmourao;2016;56851;;;;4991;392;451;393;16,73;3545100;1236;24,76457624;;;12
Saltinho;2010;116050;73;4031;422;7047;544;590;647;13,98;3545159;1781;25,27316589;10,46886629;1,034482759;7
Saltinho;2011;137170;70;4294;457;7139;540;592;656;14,44;3545159;1788;25,04552458;10,64275734;0,973525704;7
Saltinho;2012;151464;70;4654;496;7231;539;596;656;14,92;3545159;1791;24,76835846;10,65749893;0,971511548;7
Saltinho;2013;169968;69;4891;505;7326;536;599;654;15,41;3545159;1789;24,41987442;10,32508689;0,943352443;7
Saltinho;2014;170586;78;5080;523;7420;532;601;653;15,92;3545159;1786;24,07008086;10,29527559;1,05309973;7
Saltinho;2015;149048;77;5212;540;7517;529;603;655;16,48;3545159;1787;23,77278169;10,36070606;1,023679659;7
Saltinho;2016;149048;;;;7584;517;597;655;16,89;3545159;1769;23,32542194;;;7
Salto;2010;3296868;77;49481;10384;105407;9082;9561;9583;10,64;3545209;28226;26,77810772;20,98583295;0,072888897;39
Salto;2011;3917572;80;54271;11663;106414;9017;9539;9660;10,96;3545209;28216;26,51530814;21,49029869;0,075234462;39
Salto;2012;4385520;83;58555;12543;107432;8948;9513;9731;11,28;3545209;28192;26,24171569;21,42088635;0,077155782;39
Salto;2013;5019801;86;62212;13058;108459;8879;9482;9802;11,61;3545209;28163;25,96649425;20,98951971;0,079430937;39
Salto;2014;5695364;87;65573;13442;109496;8804;9447;9868;11,94;3545209;28119;25,68039015;20,49929087;0,079847666;39
Salto;2015;4463025;84;67827;13654;110542;8727;9409;9927;12,27;3545209;28063;25,38673084;20,13062645;0,076296792;39
Salto;2016;4463025;;;;111492;8437;9342;9907;12,72;3545209;27686;24,83227496;;;39
Salto de Pirapora;2010;914589;66;13789;2906;40087;3545;3431;3405;11,56;3545308;10381;25,89617582;21,07476974;0,165465113;37
Salto de Pirapora;2011;1055769;67;15478;3366;40515;3589;3479;3438;11,83;3545308;10506;25,93113662;21,74699574;0,16648155;37
Salto de Pirapora;2012;1109475;69;17069;3603;40947;3622;3529;3472;12,1;3545308;10623;25,94329255;21,10844221;0,168486092;37
Salto de Pirapora;2013;1254432;70;18452;3820;41384;3659;3577;3503;12,38;3545308;10739;25,94964237;20,70236289;0,168229267;37
Salto de Pirapora;2014;1383574;72;19786;4023;41826;3700;3623;3533;12,65;3545308;10856;25,95514752;20,33255837;0,17281117;37
Salto de Pirapora;2015;4463025;67;20890;4213;42273;3732;3669;3562;12,93;3545308;10963;25,93381118;20,16754428;0,159416176;37
Salto de Pirapora;2016;4463025;;;;42656;3578;3704;3603;13,31;3545308;10885;25,51809827;;;37
Salto Grande;2010;127307;53;2326;501;8784;703;630;683;15,03;3545407;2016;22,95081967;21,53912296;0,608720401;35
Salto Grande;2011;139772;55;2619;580;8813;711;641;668;15,31;3545407;2020;22,92068535;22,1458572;0,619425848;35
Salto Grande;2012;165632;55;2887;644;8843;722;654;655;15,64;3545407;2031;22,96731878;22,30689297;0,621960873;35
Salto Grande;2013;188413;61;3179;722;8871;729;666;641;15,94;3545407;2036;22,95118927;22,71154451;0,686055687;35
Salto Grande;2014;192193;66;3439;760;8900;744;676;626;16,27;3545407;2046;22,98876404;22,09944751;0,744831461;35
Salto Grande;2015;162663;53;3621;801;8930;743;689;614;16,61;3545407;2046;22,91153415;22,12096106;0,597536394;35
Salto Grande;2016;162663;;;;8962;734;697;625;16,84;3545407;2056;22,94130774;;;35
Sandovalina;2010;238726;62;1003;210;3693;341;289;298;10,43;3545506;928;25,12862172;20,93718843;1,676144056;8
Sandovalina;2011;271356;68;1108;231;3745;353;302;299;10,55;3545506;954;25,47396529;20,84837545;1,821094793;8
Sandovalina;2012;309813;74;1274;246;3797;362;316;302;10,69;3545506;980;25,80984988;19,30926217;1,951277324;8
Sandovalina;2013;319991;72;1497;262;3851;369;331;304;10,88;3545506;1004;26,07115035;17,50167001;1,880031161;8
Sandovalina;2014;280085;70;1704;276;3905;372;346;306;11,09;3545506;1024;26,22279129;16,1971831;1,784379001;8
Sandovalina;2015;283994;63;1800;286;3960;371;362;309;11,26;3545506;1042;26,31313131;15,88888889;1,602777778;8
Sandovalina;2016;283994;;;;4009;356;376;322;11,57;3545506;1054;26,2908456;;;8
Santa Adelia;2010;207180;63;7628;1024;14325;1149;1186;1266;13,93;3545605;3601;25,13787086;13,42422653;0,441675393;33
Santa Adelia;2011;216384;64;8265;1187;14386;1142;1179;1257;14,22;3545605;3578;24,87140275;14,36176649;0,443000139;33
Santa Adelia;2012;230166;65;8894;1300;14447;1136;1172;1233;14,54;3545605;3541;24,51027895;14,61659546;0,45220461;33
Santa Adelia;2013;257142;67;9460;1430;14508;1130;1164;1216;14,84;3545605;3510;24,19354839;15,11627907;0,464640199;33
Santa Adelia;2014;260049;59;9860;1511;14570;1122;1155;1198;15,15;3545605;3475;23,85037749;15,32454361;0,406039808;33
Santa Adelia;2015;234184;55;10077;1568;14631;1115;1146;1181;15,47;3545605;3442;23,52539129;15,56018656;0,378101292;33
Santa Adelia;2016;234184;;;;14683;1086;1140;1176;15,82;3545605;3402;23,16965198;;;33
Santa Albertina;2010;98741;58;2491;583;5722;448;439;451;18,66;3545704;1338;23,38343237;23,40425532;1,012757777;19
Santa Albertina;2011;106297;61;2778;663;5719;432;442;461;18,97;3545704;1335;23,34324183;23,86609071;1,060150376;19
Santa Albertina;2012;99625;63;3030;707;5715;418;446;454;19,27;3545704;1318;23,06211724;23,33333333;1,107086614;19
Santa Albertina;2013;138919;73;3288;775;5711;402;458;450;19,63;3545704;1310;22,93818946;23,57055961;1,279635791;19
Santa Albertina;2014;154990;75;3500;798;5707;387;457;448;19,98;3545704;1292;22,63886455;22,8;1,32013317;19
Santa Albertina;2015;119714;74;3653;834;5704;373;455;447;20,37;3545704;1275;22,35273492;22,83055023;1,294354839;19
Santa Albertina;2016;119714;;;;5698;361;439;450;20,85;3545704;1250;21,93752194;;;19
Santa Barbara d'Oeste;2010;3475487;67;103072;28268;179924;14902;16721;16826;10,77;3545803;48449;26,92748049;27,42548898;0,037510282;69
Santa Barbara d'Oeste;2011;4080651;66;111127;30183;180866;14547;16327;16785;11,24;3545803;47659;26,35044729;27,160816;0,036579567;69
Santa Barbara d'Oeste;2012;4363160;67;117296;31429;181812;14192;15934;16737;11,71;3545803;46863;25,77552637;26,7946051;0,036939256;69
Santa Barbara d'Oeste;2013;5060780;67;123324;32350;182764;13836;15538;16677;12,2;3545803;46051;25,19697533;26,23171483;0,036418551;69
Santa Barbara d'Oeste;2014;5202729;71;128919;33212;183720;13481;15143;16607;12,71;3545803;45231;24,61952972;25,76191252;0,038569562;69
Santa Barbara d'Oeste;2015;4436561;71;132749;33784;184682;13126;14748;16523;13,23;3545803;44397;24,03970067;25,44953258;0,038433632;69
Santa Barbara d'Oeste;2016;4436561;;;;185487;12725;14410;16150;13,86;3545803;43285;23,3358672;;;69
Santa Branca;2010;211247;59;4284;690;13757;1145;1126;1047;13,22;3546009;3318;24,11863052;16,10644258;0,429817547;23
Santa Branca;2011;247973;53;4813;792;13802;1151;1127;1058;13,58;3546009;3336;24,17041009;16,4554332;0,383712505;23
Santa Branca;2012;201504;52;5239;849;13845;1147;1126;1070;13,95;3546009;3343;24,14590105;16,20538271;0,372192127;23
Santa Branca;2013;241275;56;5565;901;13890;1151;1126;1081;14,34;3546009;3358;24,17566595;16,19047619;0,404535637;23
Santa Branca;2014;241547;58;5786;939;13934;1154;1125;1092;14,72;3546009;3371;24,19262236;16,22882821;0,415745658;23
Santa Branca;2015;228709;55;6044;960;13979;1152;1124;1102;15,13;3546009;3378;24,16481866;15,88352085;0,390657415;23
Santa Branca;2016;228709;;;;14019;1111;1128;1103;15,55;3546009;3342;23,83907554;;;23
Santa Clara d'Oeste;2010;31362;65;739;151;2084;166;165;152;17,51;3546108;483;23,17658349;20,43301759;3,102207294;10
Santa Clara d'Oeste;2011;33056;68;800;171;2078;171;164;153;17,81;3546108;488;23,48411935;21,375;3,270452358;10
Santa Clara d'Oeste;2012;40004;77;909;197;2071;162;172;154;18,25;3546108;488;23,5634959;21,67216722;3,710284887;10
Santa Clara d'Oeste;2013;46602;65;981;207;2066;160;169;157;18,73;3546108;486;23,52371733;21,10091743;3,140851888;10
Santa Clara d'Oeste;2014;43632;60;1059;207;2059;157;167;157;19,33;3546108;481;23,36085478;19,54674221;2,935405537;10
Santa Clara d'Oeste;2015;38931;66;1118;216;2053;155;159;158;19,97;3546108;472;22,99074525;19,32021467;3,22942036;10
Santa Clara d'Oeste;2016;38931;;;;2044;147;162;157;20,35;3546108;466;22,79843444;;;10
Santa Cruz da Conceicao;2010;94591;72;1744;290;3998;311;297;351;16,01;3546207;959;23,9869935;16,62844037;1,790395198;16
Santa Cruz da Conceicao;2011;106714;70;1905;316;4034;316;305;353;16,29;3546207;974;24,14476946;16,58792651;1,730044621;16
Santa Cruz da Conceicao;2012;116972;58;2091;358;4069;320;312;350;16,61;3546207;982;24,13369378;17,12099474;1,43352175;16
Santa Cruz da Conceicao;2013;121192;60;2265;371;4106;325;320;345;16,93;3546207;990;24,11105699;16,37969095;1,458840721;16
Santa Cruz da Conceicao;2014;126096;67;2398;373;4143;330;328;330;17,28;3546207;988;23,84745354;15,55462886;1,613323678;16
Santa Cruz da Conceicao;2015;113113;71;2523;391;4180;335;336;324;17,61;3546207;995;23,80382775;15,4974237;1,696650718;16
Santa Cruz da Conceicao;2016;113113;;;;4213;320;341;332;18,02;3546207;993;23,56990268;;;16
Santa Cruz da Esperanca;2010;26513;54;449;24;1952;174;163;151;15,42;3546256;488;25;5,345211581;2,75102459;12
Santa Cruz da Esperanca;2011;22230;71;501;30;1965;177;165;153;15,62;3546256;495;25,19083969;5,988023952;3,628498728;12
Santa Cruz da Esperanca;2012;31056;67;564;36;1978;183;168;156;15,82;3546256;507;25,63195147;6,382978723;3,40091001;12
Santa Cruz da Esperanca;2013;33514;57;619;39;1991;189;170;158;16,07;3546256;517;25,96685083;6,300484653;2,844801607;12
Santa Cruz da Esperanca;2014;36548;76;677;35;2004;189;173;160;16,37;3546256;522;26,04790419;5,169867061;3,797904192;12
Santa Cruz da Esperanca;2015;29972;58;718;42;2018;188;175;163;16,7;3546256;526;26,0654113;5,849582173;2,876114965;12
Santa Cruz da Esperanca;2016;29972;;;;2030;182;178;166;16,95;3546256;526;25,91133005;;;12
Santa Cruz das Palmeiras;2010;292010;68;12490;2368;29893;2561;2922;2912;10,91;3546306;8395;28,08349781;18,95916733;0,228816111;36
Santa Cruz das Palmeiras;2011;298085;68;13349;2647;30285;2552;2880;2949;11,16;3546306;8381;27,67376589;19,82920069;0,224995873;36
Santa Cruz das Palmeiras;2012;329117;68;14307;2894;30682;2544;2838;2985;11,43;3546306;8367;27,27006062;20,22786049;0,222508311;36
Santa Cruz das Palmeiras;2013;372292;68;15120;3051;31085;2532;2795;3021;11,7;3546306;8348;26,85539649;20,17857143;0,219366254;36
Santa Cruz das Palmeiras;2014;388734;67;15922;3225;31492;2520;2752;3059;11,96;3546306;8331;26,45433761;20,25499309;0,213038232;36
Santa Cruz das Palmeiras;2015;336048;74;16400;3395;31905;2508;2709;3093;12,23;3546306;8310;26,04607428;20,70121951;0,230559473;36
Santa Cruz das Palmeiras;2016;336048;;;;32262;2464;2693;3044;12,57;3546306;8201;25,41999876;;;36
Santa Cruz do Rio Pardo;2010;956981;69;22123;5626;43895;3577;3477;3661;14,51;3546405;10715;24,41052512;25,43054739;0,156555416;84
Santa Cruz do Rio Pardo;2011;1001334;65;24004;6120;44118;3565;3493;3618;14,82;3546405;10676;24,19873974;25,49575071;0,148261481;84
Santa Cruz do Rio Pardo;2012;1246707;75;25968;6590;44341;3551;3509;3577;15,14;3546405;10637;23,98908459;25,37738755;0,169797704;84
Santa Cruz do Rio Pardo;2013;1403520;75;27945;6995;44566;3540;3526;3536;15,46;3546405;10602;23,78943589;25,0313115;0,168110219;84
Santa Cruz do Rio Pardo;2014;1571373;77;29415;7379;44791;3521;3541;3493;15,79;3546405;10555;23,5650019;25,08584056;0,172467683;84
Santa Cruz do Rio Pardo;2015;1235983;80;30501;7703;45019;3505;3556;3451;16,11;3546405;10512;23,35014105;25,25490968;0,178235856;84
Santa Cruz do Rio Pardo;2016;1235983;;;;45235;3404;3547;3471;16,49;3546405;10422;23,03968166;;;84
Santa Ernestina;2010;53195;73;2008;313;5569;514;590;544;9,79;3546504;1648;29,59238642;15,5876494;1,313521279;15
Santa Ernestina;2011;54630;68;2164;328;5564;501;568;548;10,05;3546504;1617;29,06182602;15,15711645;1,224838246;15
Santa Ernestina;2012;62069;73;2366;356;5558;487;546;550;10,27;3546504;1583;28,48146815;15,04649197;1,319359482;15
Santa Ernestina;2013;75743;79;2528;368;5552;474;524;547;10,55;3546504;1545;27,8278098;14,55696203;1,425432277;15
Santa Ernestina;2014;74171;75;2673;385;5546;459;504;555;10,85;3546504;1518;27,37107825;14,40329218;1,353948792;15
Santa Ernestina;2015;63962;65;2786;417;5541;446;482;551;11,17;3546504;1479;26,69193286;14,96769562;1,171088251;15
Santa Ernestina;2016;63962;;;;5538;430;470;541;11,54;3546504;1441;26,02022391;;;15
Santa Fe do Sul;2010;541138;83;16389;4352;29215;2247;2432;2313;16,54;3546603;6992;23,93291118;26,55439624;0,284648297;30
Santa Fe do Sul;2011;652605;84;17828;4873;29381;2221;2413;2360;16,87;3546603;6994;23,80449951;27,33340812;0,284775876;30
Santa Fe do Sul;2012;729028;85;19339;5292;29548;2194;2402;2405;17,2;3546603;7001;23,69365101;27,3643932;0,288615135;30
Santa Fe do Sul;2013;793439;83;20917;5666;29717;2167;2385;2452;17,52;3546603;7004;23,56900091;27,08801453;0,277618871;30
Santa Fe do Sul;2014;865952;88;22098;6027;29886;2140;2368;2496;17,85;3546603;7004;23,43572241;27,27396144;0,294251489;30
Santa Fe do Sul;2015;716432;83;23170;6283;30056;2112;2349;2547;18,18;3546603;7008;23,31647591;27,11696159;0,275885015;30
Santa Fe do Sul;2016;716432;;;;30204;2021;2322;2528;18,57;3546603;6871;22,74864256;;;30
Santa Gertrudes;2010;901672;66;10223;2817;21579;1804;2153;2260;8,34;3546702;6217;28,81041754;27,55551208;0,308077297;23
Santa Gertrudes;2011;1079952;66;11271;3088;22033;1844;2126;2289;8,49;3546702;6259;28,40738892;27,39774643;0,297962148;23
Santa Gertrudes;2012;1220042;71;12264;3385;22495;1884;2097;2318;8,66;3546702;6299;28,00177817;27,60110894;0,313803067;23
Santa Gertrudes;2013;1341434;72;13093;3565;22968;1924;2069;2342;8,83;3546702;6335;27,58185301;27,22828993;0,311912226;23
Santa Gertrudes;2014;1556584;71;13874;3784;23450;1964;2042;2365;8,99;3546702;6371;27,1684435;27,27403777;0,302345416;23
Santa Gertrudes;2015;1219937;63;14558;4027;23943;2004;2014;2388;9,17;3546702;6406;26,75521029;27,66176673;0,264294366;23
Santa Gertrudes;2016;1219937;;;;24376;1968;2053;2359;9,4;3546702;6380;26,1732852;;;23
Santa Isabel;2010;949380;78;17799;4426;50393;4331;4385;4380;10,82;3546801;13096;25,98773639;24,86656554;0,153791201;42
Santa Isabel;2011;983498;78;20118;4887;50879;4371;4386;4391;11,16;3546801;13148;25,84170286;24,29167909;0,152833192;42
Santa Isabel;2012;1173062;80;22064;5195;51372;4407;4384;4403;11,51;3546801;13194;25,68325158;23,54514141;0,154850892;42
Santa Isabel;2013;1318220;82;23647;5411;51868;4445;4380;4410;11,87;3546801;13235;25,51669623;22,88239523;0,157380273;42
Santa Isabel;2014;1450356;85;24990;5679;52369;4481;4374;4417;12,23;3546801;13272;25,34323741;22,72509004;0,163149955;42
Santa Isabel;2015;1174903;84;25991;5928;52875;4515;4367;4422;12,61;3546801;13304;25,16122931;22,80789504;0,158921986;42
Santa Isabel;2016;1174903;;;;53310;4378;4403;4414;13,01;3546801;13195;24,75145376;;;42
Santa Lucia;2010;78072;75;2822;470;8245;718;825;747;9,71;3546900;2290;27,77440873;16,65485471;0,914614918;20
Santa Lucia;2011;80888;80;3058;521;8279;728;796;756;9,95;3546900;2280;27,53955792;17,03727927;0,969682329;20
Santa Lucia;2012;94148;79;3295;558;8313;736;773;764;10,22;3546900;2273;27,34271623;16,93474962;0,951281126;20
Santa Lucia;2013;98306;64;3523;597;8347;745;740;776;10,49;3546900;2261;27,08757637;16,94578484;0,761590991;20
Santa Lucia;2014;95095;64;3762;628;8381;754;713;776;10,79;3546900;2243;26,76291612;16,69324827;0,76339339;20
Santa Lucia;2015;89302;58;3842;658;8415;760;685;785;11,1;3546900;2230;26,50029709;17,12649662;0,686155674;20
Santa Lucia;2016;89302;;;;8444;710;697;755;11,52;3546900;2162;25,60397916;;;20
Santa Maria da Serra;2010;89678;66;2379;260;5406;501;535;518;10,99;3547007;1554;28,74583796;10,92896175;1,226970033;32
Santa Maria da Serra;2011;96561;66;2617;292;5478;491;542;527;11,12;3547007;1560;28,47754655;11,15781429;1,195874407;32
Santa Maria da Serra;2012;118722;63;2911;305;5550;484;534;541;11,26;3547007;1559;28,09009009;10,47749914;1,133333333;32
Santa Maria da Serra;2013;135858;66;3242;325;5624;472;531;554;11,45;3547007;1557;27,68492176;10,02467613;1,174608819;32
Santa Maria da Serra;2014;141126;74;3363;350;5698;464;529;561;11,58;3547007;1554;27,27272727;10,40737437;1,29045279;32
Santa Maria da Serra;2015;116389;76;3407;342;5774;455;527;564;11,78;3547007;1546;26,77519917;10,03815674;1,323172844;32
Santa Maria da Serra;2016;116389;;;;5845;452;516;568;11,99;3547007;1536;26,27887083;;;32
Santa Mercedes;2010;41267;71;864;180;2831;237;233;204;15,61;3547106;674;23,80784175;20,83333333;2,51960438;14
Santa Mercedes;2011;43463;70;979;195;2828;244;232;208;15,7;3547106;684;24,18670438;19,91828396;2,484794908;14
Santa Mercedes;2012;51744;78;1122;210;2825;244;231;212;15,89;3547106;687;24,31858407;18,71657754;2,763893805;14
Santa Mercedes;2013;53860;72;1236;214;2822;239;231;216;16,05;3547106;686;24,30900071;17,31391586;2,534727144;14
Santa Mercedes;2014;48341;65;1316;223;2819;238;230;219;16,28;3547106;687;24,37034409;16,94528875;2,290883292;14
Santa Mercedes;2015;47735;54;1363;233;2816;230;229;224;16,48;3547106;683;24,25426136;17,09464417;1,904119318;14
Santa Mercedes;2016;47735;;;;2815;236;228;223;16,7;3547106;687;24,40497336;;;14
Santa Rita d'Oeste;2010;29393;76;1001;201;2544;190;182;171;21,23;3547403;543;21,34433962;20,07992008;2,991745283;4
Santa Rita d'Oeste;2011;35404;77;1085;238;2530;181;182;171;21,78;3547403;534;21,10671937;21,93548387;3,029249012;4
Santa Rita d'Oeste;2012;39777;77;1169;251;2517;173;182;171;22,45;3547403;526;20,89789432;21,47134303;3,077075884;4
Santa Rita d'Oeste;2013;40664;78;1270;271;2502;165;182;172;23,14;3547403;519;20,74340528;21,33858268;3,122701839;4
Santa Rita d'Oeste;2014;48067;87;1355;283;2489;157;182;172;23,78;3547403;511;20,53033347;20,88560886;3,487746083;4
Santa Rita d'Oeste;2015;529504;93;1428;292;2475;150;182;173;24,57;3547403;505;20,4040404;20,44817927;3,761616162;4
Santa Rita d'Oeste;2016;529504;;;;2461;146;174;173;25,07;3547403;493;20,03250711;;;4
Santa Rita do Passa Quatro;2010;457221;67;13562;2571;26475;1906;2041;1994;18,46;3547502;5941;22,44003777;18,95738092;0,25170916;85
Santa Rita do Passa Quatro;2011;518274;67;14494;2811;26469;1879;2008;1998;18,81;3547502;5885;22,23355624;19,3942321;0,25414636;85
Santa Rita do Passa Quatro;2012;566581;67;15531;2987;26462;1850;1977;1996;19,17;3547502;5823;22,00513945;19,23250274;0,251946187;85
Santa Rita do Passa Quatro;2013;541081;67;16239;3096;26455;1821;1944;1997;19,53;3547502;5762;21,78038178;19,06521338;0,253298053;85
Santa Rita do Passa Quatro;2014;564365;65;16866;3253;26448;1792;1911;2010;19,87;3547502;5713;21,60087719;19,28732361;0,245235935;85
Santa Rita do Passa Quatro;2015;529504;66;17361;3370;26442;1763;1879;2008;20,24;3547502;5650;21,36752137;19,41132423;0,251266924;85
Santa Rita do Passa Quatro;2016;529504;;;;26430;1691;1854;1977;20,67;3547502;5522;20,89292471;;;85
Santa Rosa de Viterbo;2010;563818;71;10751;1684;23841;1976;2083;2025;14,16;3547601;6084;25,5190638;15,66365919;0,296338241;38
Santa Rosa de Viterbo;2011;624245;76;11535;1841;24023;1981;2075;2053;14,39;3547601;6109;25,42979645;15,96012137;0,315739083;38
Santa Rosa de Viterbo;2012;662271;77;12438;1971;24206;1985;2071;2081;14,63;3547601;6137;25,35321821;15,84659913;0,317235396;38
Santa Rosa de Viterbo;2013;697966;76;13411;2122;24390;1988;2065;2108;14,85;3547601;6161;25,2603526;15,822832;0,309799098;38
Santa Rosa de Viterbo;2014;751243;74;14212;2238;24577;1990;2056;2132;15,06;3547601;6178;25,13732351;15,74725584;0,302884811;38
Santa Rosa de Viterbo;2015;659909;70;14824;2376;24764;1991;2047;2162;15,28;3547601;6200;25,03634308;16,0280626;0,280810854;38
Santa Rosa de Viterbo;2016;659909;;;;24930;1890;2050;2153;15,65;3547601;6093;24,44043321;;;38
Santa Salete;2010;17303;73;701;148;1446;103;95;111;19,78;3547650;309;21,36929461;21,11269615;5,019363762;8
Santa Salete;2011;17713;74;755;159;1446;102;97;108;20,19;3547650;307;21,23098202;21,05960265;5,130705394;8
Santa Salete;2012;17652;75;817;166;1446;103;100;106;20,75;3547650;309;21,36929461;20,31823745;5,215076072;8
Santa Salete;2013;18877;82;876;166;1447;103;102;103;21,29;3547650;308;21,28541811;18,94977169;5,644091223;8
Santa Salete;2014;21508;95;936;182;1447;102;103;100;21,91;3547650;305;21,07809261;19,44444444;6,559778853;8
Santa Salete;2015;18611;88;1009;200;1447;101;105;97;22,6;3547650;303;20,9398756;19,82160555;6,09122322;8
Santa Salete;2016;18611;;;;1446;93;104;99;22,89;3547650;296;20,47026279;;;8
Santana da Ponte Pensa;2010;19705;77;740;121;1643;98;127;93;22,52;3547205;318;19,35483871;16,35135135;4,673767498;9
Santana da Ponte Pensa;2011;20709;83;796;132;1627;96;119;98;23,05;3547205;313;19,23786109;16,58291457;5,121696374;9
Santana da Ponte Pensa;2012;21845;82;855;135;1612;95;113;102;23,88;3547205;310;19,23076923;15,78947368;5,075682382;9
Santana da Ponte Pensa;2013;23546;82;914;145;1596;94;105;108;24,62;3547205;307;19,23558897;15,8643326;5,126566416;9
Santana da Ponte Pensa;2014;25868;85;945;142;1581;93;98;113;25,49;3547205;304;19,2283365;15,02645503;5,404807084;9
Santana da Ponte Pensa;2015;22335;94;966;151;1566;91;92;119;26,31;3547205;302;19,28480204;15,63146998;6,030651341;9
Santana da Ponte Pensa;2016;22335;;;;1555;87;91;112;26,69;3547205;290;18,64951768;;;9
Santana de Parnaiba;2010;4603219;73;51843;7484;108474;9635;9763;9610;7,68;3547304;29008;26,74189207;14,43589298;0,067444733;23
Santana de Parnaiba;2011;5734692;75;57773;8460;111424;9938;10022;9924;8,03;3547304;29884;26,82007467;14,6435186;0,06728353;23
Santana de Parnaiba;2012;6211289;77;63521;9373;114455;10244;10283;10243;8,4;3547304;30770;26,88392818;14,75575007;0,067563671;23
Santana de Parnaiba;2013;7017109;77;69045;10124;117568;10553;10544;10569;8,79;3547304;31666;26,93419978;14,66290101;0,065698149;23
Santana de Parnaiba;2014;8065197;76;72499;10484;120765;10867;10806;10894;9,2;3547304;32567;26,96725045;14,46088912;0,063304765;23
Santana de Parnaiba;2015;6326301;78;75411;11090;124050;11183;11069;11225;9,62;3547304;33477;26,98669891;14,70607736;0,062716647;23
Santana de Parnaiba;2016;6326301;;;;126747;10969;11341;11463;10,06;3547304;33773;26,64599557;;;23
Santo Anastacio;2010;227004;70;9559;2712;20477;1701;1587;1508;16,16;3547700;4796;23,42139962;28,37116853;0,341065586;20
Santo Anastacio;2011;250168;76;10206;2974;20433;1673;1594;1507;16,46;3547700;4774;23,36416581;29,13972173;0,37082171;20
Santo Anastacio;2012;282805;75;10917;3192;20389;1650;1601;1504;16,77;3547700;4755;23,32139879;29,23880187;0,367698269;20
Santo Anastacio;2013;302108;75;11542;3311;20344;1623;1607;1503;17,07;3547700;4733;23,26484467;28,68653613;0,367135273;20
Santo Anastacio;2014;332546;73;12053;3412;20301;1596;1608;1500;17,37;3547700;4704;23,17127235;28,30830499;0,358307473;20
Santo Anastacio;2015;278926;72;12551;3560;20257;1568;1617;1495;17,67;3547700;4680;23,10312485;28,36427376;0,357851607;20
Santo Anastacio;2016;278926;;;;20231;1488;1597;1507;18,07;3547700;4592;22,69783995;;;20
Santo Andre;2010;19164510;84;417385;56145;676177;49523;57353;60801;13,53;3547809;167677;24,79779703;13,45160943;0,012373979;17
Santo Andre;2011;21740849;81;442533;60905;678052;49228;56019;60211;13,89;3547809;165458;24,40196327;13,76281543;0,011971058;17
Santo Andre;2012;23842988;87;467575;65133;679933;48918;54697;59609;14,26;3547809;163224;24,0058947;13,92995776;0,012763022;17
Santo Andre;2013;26721759;88;485765;68110;681819;48590;53388;58989;14,64;3547809;160967;23,608465;14,02118308;0,012847985;17
Santo Andre;2014;28119591;88;493654;69840;683709;48247;52091;58356;15,02;3547809;158694;23,21075194;14,14756084;0,012812468;17
Santo Andre;2015;23917939;85;500585;71472;685606;47892;50806;57709;15,41;3547809;156407;22,81295671;14,2776951;0,012386123;17
Santo Andre;2016;23917939;;;;687250;46425;50566;56456;15,86;3547809;153447;22,32768279;;;17
Santo Antonio da Alegria;2010;113455;67;2095;221;6299;511;561;510;15,59;3547908;1582;25,11509763;10,54892601;1,070646134;25
Santo Antonio da Alegria;2011;111975;62;2260;236;6334;511;561;523;15,96;3547908;1595;25,18155984;10,44247788;0,975528892;25
Santo Antonio da Alegria;2012;118116;63;2409;241;6369;512;554;539;16,3;3547908;1605;25,20018841;10,0041511;0,985869053;25
Santo Antonio da Alegria;2013;134730;65;2597;249;6405;510;543;562;16,69;3547908;1615;25,21467603;9,587986138;1,018266979;25
Santo Antonio da Alegria;2014;143232;65;2684;259;6441;510;536;573;17,09;3547908;1619;25,13584847;9,649776453;1,00403664;25
Santo Antonio da Alegria;2015;124302;55;2806;268;6477;510;530;582;17,51;3547908;1622;25,04245793;9,550962224;0,846842674;25
Santo Antonio da Alegria;2016;124302;;;;6508;489;529;584;17,75;3547908;1602;24,61585741;;;25
Santo Antonio de Posse;2010;423858;56;9350;2224;20628;1722;1885;1875;10,75;3548005;5482;26,57552841;23,78609626;0,271427186;26
Santo Antonio de Posse;2011;458945;55;10272;2473;20857;1752;1873;1899;10,98;3548005;5524;26,48511291;24,07515576;0,265426476;26
Santo Antonio de Posse;2012;530211;55;11184;2715;21089;1780;1862;1928;11,23;3548005;5570;26,41187349;24,27575107;0,261700413;26
Santo Antonio de Posse;2013;597138;60;12108;2934;21323;1809;1848;1950;11,5;3548005;5607;26,29554941;24,23191278;0,279557286;26
Santo Antonio de Posse;2014;648811;61;13010;3073;21561;1837;1834;1974;11,78;3548005;5645;26,18153147;23,62029208;0,284124113;26
Santo Antonio de Posse;2015;531793;55;13540;3163;21800;1866;1819;1993;12,06;3548005;5678;26,04587156;23,36041359;0,253761468;26
Santo Antonio de Posse;2016;531793;;;;22006;1811;1845;1975;12,39;3548005;5631;25,58847587;;;26
Santo Antonio do Aracangua;2010;206257;71;2578;421;7620;640;644;631;11,54;3548054;1915;25,1312336;16,33048875;0,933989501;
Santo Antonio do Aracangua;2011;200818;71;2803;465;7688;641;648;639;11,88;3548054;1928;25,0780437;16,58936853;0,919354839;
Santo Antonio do Aracangua;2012;181188;72;3090;498;7755;640;649;646;12,24;3548054;1935;24,9516441;16,11650485;0,926370084;
Santo Antonio do Aracangua;2013;189141;66;3349;537;7823;639;658;653;12,6;3548054;1950;24,92649879;16,03463721;0,844305254;
Santo Antonio do Aracangua;2014;175197;63;3521;551;7893;638;658;669;13,01;3548054;1965;24,895477;15,64896336;0,793994679;
Santo Antonio do Aracangua;2015;190520;62;3630;562;7962;638;661;666;13,44;3548054;1965;24,67972871;15,48209366;0,77241899;
Santo Antonio do Aracangua;2016;190520;;;;8019;613;660;673;13,84;3548054;1946;24,26736501;;;
Santo Antonio do Jardim;2010;78196;89;2598;366;5945;448;468;486;14,79;3548104;1402;23,58284272;14,08775982;1,500756939;12
Santo Antonio do Jardim;2011;96343;91;2741;388;5929;446;459;485;15,28;3548104;1390;23,44408838;14,15541773;1,541406645;12
Santo Antonio do Jardim;2012;98684;88;2936;421;5913;447;451;468;15,74;3548104;1366;23,10164045;14,33923706;1,488415356;12
Santo Antonio do Jardim;2013;106207;88;3039;448;5898;444;443;458;16,24;3548104;1345;22,80434045;14,74169135;1,492200746;12
Santo Antonio do Jardim;2014;129575;83;3154;474;5882;444;434;450;16,76;3548104;1328;22,57735464;15,02853519;1,40717443;12
Santo Antonio do Jardim;2015;101801;78;3209;464;5866;442;426;441;17,32;3548104;1309;22,3150358;14,45933313;1,326628026;12
Santo Antonio do Jardim;2016;101801;;;;5858;430;426;434;17,82;3548104;1290;22,02116763;;;12
Santo Antonio do Pinhal;2010;53741;78;2415;582;6485;564;542;481;12,64;3548203;1587;24,47185813;24,09937888;1,205859676;48
Santo Antonio do Pinhal;2011;61799;76;2702;641;6497;572;542;488;12,82;3548203;1602;24,65753425;23,72316802;1,164229644;48
Santo Antonio do Pinhal;2012;64638;79;3029;722;6511;578;543;496;12,98;3548203;1617;24,83489479;23,83624959;1,206727077;48
Santo Antonio do Pinhal;2013;76853;73;3404;794;6523;591;542;502;13,18;3548203;1635;25,06515407;23,32549941;1,113444734;48
Santo Antonio do Pinhal;2014;87290;72;3671;836;6537;602;541;509;13,35;3548203;1652;25,27153128;22,77308635;1,102952425;48
Santo Antonio do Pinhal;2015;68864;72;3918;900;6549;605;539;515;13,57;3548203;1659;25,33211177;22,97090352;1,092533211;48
Santo Antonio do Pinhal;2016;68864;;;;6565;588;550;516;14,01;3548203;1654;25,19421173;;;48
Santo Expedito;2010;21142;84;758;135;2801;243;196;187;17,21;3548302;626;22,34916101;17,81002639;3,01535166;19
Santo Expedito;2011;23325;71;838;158;2819;243;206;191;17,38;3548302;640;22,7030862;18,85441527;2,533877261;19
Santo Expedito;2012;23506;72;952;167;2836;238;218;195;17,63;3548302;651;22,95486601;17,54201681;2,52574048;19
Santo Expedito;2013;27534;76;1045;175;2854;225;237;199;17,87;3548302;661;23,16047652;16,74641148;2,674842327;19
Santo Expedito;2014;28652;82;1131;180;2873;217;248;203;18,17;3548302;668;23,25095719;15,91511936;2,868082144;19
Santo Expedito;2015;24832;86;1219;200;2891;211;255;208;18,44;3548302;674;23,31373227;16,40689089;2,973019716;19
Santo Expedito;2016;24832;;;;2907;207;254;218;18,58;3548302;679;23,35741314;;;19
Santopolis do Aguapei;2010;42669;59;1170;194;4273;366;445;399;12,05;3548401;1210;28,31734145;16,58119658;1,37982682;23
Santopolis do Aguapei;2011;47572;67;1250;210;4314;364;432;411;12,22;3548401;1207;27,97867408;16,8;1,548910524;23
Santopolis do Aguapei;2012;50989;76;1353;219;4355;361;416;424;12,38;3548401;1201;27,57749713;16,18625277;1,749483352;23
Santopolis do Aguapei;2013;55928;71;1524;234;4398;359;401;437;12,6;3548401;1197;27,21691678;15,35433071;1,613233288;23
Santopolis do Aguapei;2014;56462;60;1636;246;4439;356;389;447;12,75;3548401;1192;26,8528948;15,03667482;1,343095292;23
Santopolis do Aguapei;2015;50724;61;1709;255;4482;352;376;456;12,94;3548401;1184;26,41677822;14,92100644;1,358099063;23
Santopolis do Aguapei;2016;50724;;;;4519;342;374;442;13,3;3548401;1158;25,6251383;;;23
Santos;2010;13546943;78;238345;61267;419388;27569;30638;33312;19,16;3548500;91519;21,82203592;25,70517527;0,018610451;57
Santos;2011;15447746;77;250081;64750;420222;27462;30307;32960;19,43;3548500;90729;21,59073061;25,89161112;0,018361723;57
Santos;2012;16850212;75;259625;67542;421058;27347;29973;32608;19,7;3548500;89928;21,35762769;26,01521425;0,017845522;57
Santos;2013;18871519;79;266627;69522;421896;27226;29633;32250;19,97;3548500;89109;21,12108197;26,0746286;0,018743956;57
Santos;2014;20147782;82;269620;70905;422737;27100;29291;31887;20,25;3548500;88278;20,88248722;26,29812328;0,019295685;57
Santos;2015;16972840;78;271390;72620;423579;26967;28945;31523;20,52;3548500;87435;20,64195817;26,75853937;0,018438119;57
Santos;2016;16972840;;;;424599;26167;28868;31264;20,86;3548500;86299;20,32482413;;;57
Sao Bento do Sapucai;2010;108412;76;3574;797;10467;868;739;729;15,25;3548609;2336;22,31776058;22,29994404;0,724180759;26
Sao Bento do Sapucai;2011;115779;74;3871;901;10470;874;760;726;15,59;3548609;2360;22,54059217;23,27563937;0,706494747;26
Sao Bento do Sapucai;2012;138423;74;4208;961;10472;867;782;724;15,93;3548609;2373;22,66042781;22,83745247;0,707123759;26
Sao Bento do Sapucai;2013;146347;76;4546;1024;10476;868;803;721;16,28;3548609;2392;22,83314242;22,52529696;0,729190531;26
Sao Bento do Sapucai;2014;166724;80;4895;1092;10478;873;826;719;16,63;3548609;2418;23,07692308;22,30847804;0,763504486;26
Sao Bento do Sapucai;2015;135137;72;5297;1202;10481;872;846;715;17,02;3548609;2433;23,21343383;22,69208986;0,689724263;26
Sao Bento do Sapucai;2016;135137;;;;10491;834;856;736;17,44;3548609;2426;23,12458298;;;26
Sao Bernardo do Campo;2010;42557432;84;448285;58703;764922;59697;68127;72525;10,18;3548708;200349;26,19208233;13,09501768;0,010955365;175
Sao Bernardo do Campo;2011;46490389;81;479350;63907;770157;59705;66966;71832;10,6;3548708;198503;25,7743551;13,3320121;0,01045631;175
Sao Bernardo do Campo;2012;45300599;82;509616;68112;775428;59685;65794;71112;11,03;3548708;196591;25,35257948;13,36535745;0,010510325;175
Sao Bernardo do Campo;2013;48789309;83;536203;71430;780735;59638;64614;70371;11,48;3548708;194623;24,92817665;13,32144729;0,010636131;175
Sao Bernardo do Campo;2014;47551620;84;556546;74806;786078;59564;63425;69605;11,93;3548708;192594;24,50062208;13,44111718;0,010699956;175
Sao Bernardo do Campo;2015;46137870;81;567178;77380;791459;59461;62229;68817;12,41;3548708;190507;24,07035614;13,64298333;0,010234264;175
Sao Bernardo do Campo;2016;46137870;;;;795541;57599;62220;67662;12,91;3548708;187481;23,56647866;;;175
Sao Caetano do Sul;2010;12205134;126;118550;11298;149185;9393;11086;12246;19,11;3548807;32725;21,93585146;9,530156052;0,084123739;
Sao Caetano do Sul;2011;13279745;126;125010;12113;149468;9260;10782;12067;19,43;3548807;32109;21,48219017;9,68962483;0,084158482;
Sao Caetano do Sul;2012;15094572;126;131668;12923;149751;9124;10480;11887;19,75;3548807;31491;21,02890799;9,814837318;0,083999439;
Sao Caetano do Sul;2013;15952826;131;136215;13478;150035;8986;10182;11705;20,07;3548807;30873;20,57719865;9,894651837;0,087326291;
Sao Caetano do Sul;2014;16153419;132;138167;13736;150319;8847;9890;11521;20,39;3548807;30258;20,12919192;9,941592421;0,087833208;
Sao Caetano do Sul;2015;14537139;127;139063;13824;150605;8705;9602;11335;20,72;3548807;29642;19,68194947;9,94081819;0,08429999;
Sao Caetano do Sul;2016;14537139;;;;150732;8437;9461;11022;21,19;3548807;28920;19,18637051;;;
Sao Carlos;2010;6805566;78;128705;26185;221692;17061;19210;20555;12,93;3548906;56826;25,63286;20,34497494;0,034989986;137
Sao Carlos;2011;7464660;79;137967;28127;223957;16985;19005;20548;13,25;3548906;56538;25,24502471;20,38675915;0,035145139;137
Sao Carlos;2012;8166705;81;146980;29836;226244;16904;18795;20542;13,57;3548906;56241;24,85855979;20,29936046;0,035673874;137
Sao Carlos;2013;9133309;82;155041;31160;228556;16817;18582;20520;13,9;3548906;55919;24,46621397;20,09790959;0,035803042;137
Sao Carlos;2014;9796013;83;162098;32398;230890;16725;18365;20490;14,23;3548906;55580;24,07206895;19,98667473;0,036073455;137
Sao Carlos;2015;8273251;82;167621;33300;233249;16627;18142;20458;14,57;3548906;55227;23,67727193;19,86624588;0,035211298;137
Sao Carlos;2016;8273251;;;;235096;16187;18019;20206;15,01;3548906;54412;23,14458774;;;137
Sao Francisco;2010;24270;75;1037;241;2794;214;198;171;19,15;3549003;583;20,86614173;23,24011572;2,697924123;7
Sao Francisco;2011;27191;74;1121;275;2783;219;199;174;19,55;3549003;592;21,27200862;24,53166815;2,6607977;7
Sao Francisco;2012;29184;64;1273;291;2770;218;201;178;19,93;3549003;597;21,55234657;22,85938727;2,294945848;7
Sao Francisco;2013;32450;57;1361;303;2759;216;202;181;20,44;3549003;599;21,71076477;22,26304188;2,051105473;7
Sao Francisco;2014;35192;57;1446;317;2746;211;204;184;20,87;3549003;599;21,81354698;21,92254495;2,080844865;7
Sao Francisco;2015;29657;63;1524;338;2735;204;205;188;21,35;3549003;597;21,82815356;22,17847769;2,296526508;7
Sao Francisco;2016;29657;;;;2723;197;209;190;21,59;3549003;596;21,88762394;;;7
Sao Joao da Boa Vista;2010;1755941;83;48772;12294;83585;6237;6768;6959;14,76;3549102;19964;23,8846683;25,20708603;0,099132619;69
Sao Joao da Boa Vista;2011;1953123;79;52145;13460;84002;6213;6701;6968;15,12;3549102;19882;23,66848408;25,81263784;0,094366801;69
Sao Joao da Boa Vista;2012;2121414;81;55732;14495;84423;6187;6634;6972;15,48;3549102;19793;23,44503275;26,00839733;0,096241546;69
Sao Joao da Boa Vista;2013;2379005;83;59248;15456;84844;6160;6565;6979;15,85;3549102;19704;23,22379897;26,08695652;0,098168403;69
Sao Joao da Boa Vista;2014;2610606;84;62507;16386;85269;6131;6494;6979;16,23;3549102;19604;22,99077039;26,21466396;0,098218579;69
Sao Joao da Boa Vista;2015;2164018;82;64808;17127;85695;6099;6423;6979;16,61;3549102;19501;22,75628683;26,42729293;0,095944921;69
Sao Joao da Boa Vista;2016;2164018;;;;86021;5916;6390;6904;17,07;3549102;19210;22,3317562;;;69
Sao Joao das Duas Pontes;2010;24171;71;786;118;2567;207;180;187;15,7;3549201;574;22,36073237;15,01272265;2,7693806;5
Sao Joao das Duas Pontes;2011;24328;85;856;130;2557;211;183;183;15,92;3549201;577;22,56550645;15,18691589;3,304653891;5
Sao Joao das Duas Pontes;2012;28540;74;925;130;2547;219;187;179;16,18;3549201;585;22,96819788;14,05405405;2,892815077;5
Sao Joao das Duas Pontes;2013;27205;65;1012;139;2537;222;190;175;16,4;3549201;587;23,13756405;13,73517787;2,578242018;5
Sao Joao das Duas Pontes;2014;31121;67;1082;147;2527;227;193;172;16,66;3549201;592;23,42698852;13,58595194;2,667590028;5
Sao Joao das Duas Pontes;2015;27073;62;1149;165;2517;224;196;169;17;3549201;589;23,40087406;14,36031332;2,47556615;5
Sao Joao das Duas Pontes;2016;27073;;;;2508;213;200;172;17,5;3549201;585;23,32535885;;;5
Sao Joao de Iracema;2010;29780;64;540;124;1779;170;136;124;15,63;3549250;430;24,17088252;22,96296296;3,582349635;
Sao Joao de Iracema;2011;40469;71;625;139;1787;165;143;126;16;3549250;434;24,28651371;22,24;3,956911024;
Sao Joao de Iracema;2012;31380;67;709;156;1796;163;149;129;16,43;3549250;441;24,5545657;22,00282087;3,751113586;
Sao Joao de Iracema;2013;34163;68;792;170;1803;146;160;132;16,97;3549250;438;24,29284526;21,46464646;3,763727121;
Sao Joao de Iracema;2014;29351;72;853;180;1812;138;171;135;17,33;3549250;444;24,50331126;21,10199297;3,96192053;
Sao Joao de Iracema;2015;33029;71;888;184;1820;131;172;138;17,91;3549250;441;24,23076923;20,72072072;3,913736264;
Sao Joao de Iracema;2016;33029;;;;1826;124;166;145;18,13;3549250;435;23,82256298;;;
Sao Joao do Pau d'Alho;2010;25636;85;889;143;2104;157;140;128;22,01;3549300;425;20,19961977;16,08548931;4,059885932;4
Sao Joao do Pau d'Alho;2011;25689;91;944;154;2091;157;142;129;22,19;3549300;428;20,46867527;16,31355932;4,37541846;4
Sao Joao do Pau d'Alho;2012;37794;78;1079;174;2077;167;145;130;22,48;3549300;442;21,28069331;16,12604263;3,766008666;4
Sao Joao do Pau d'Alho;2013;40976;82;1156;195;2064;169;147;131;22,77;3549300;447;21,65697674;16,86851211;3,972868217;4
Sao Joao do Pau d'Alho;2014;36746;95;1224;203;2050;162;150;133;23,12;3549300;445;21,70731707;16,58496732;4,621463415;4
Sao Joao do Pau d'Alho;2015;33368;74;1267;220;2037;161;152;134;23,42;3549300;447;21,94403535;17,36385162;3,642120766;4
Sao Joao do Pau d'Alho;2016;33368;;;;2027;146;158;137;23,98;3549300;441;21,75629008;;;4
Sao Joaquim da Barra;2010;945887;78;26213;7904;46469;3710;4067;4422;12,47;3549409;12199;26,25190988;30,15297753;0,167660161;39
Sao Joaquim da Barra;2011;1100665;81;27669;8376;46874;3681;4020;4384;12,77;3549409;12085;25,78188335;30,27214572;0,173699706;39
Sao Joaquim da Barra;2012;1144441;79;29184;8871;47283;3652;3971;4336;13,08;3549409;11959;25,29238838;30,39679276;0,166085062;39
Sao Joaquim da Barra;2013;1329147;78;30666;9247;47695;3622;3923;4289;13,39;3549409;11834;24,81182514;30,15391639;0,163392389;39
Sao Joaquim da Barra;2014;1395156;77;31952;9671;48110;3590;3874;4246;13,71;3549409;11710;24,34005404;30,26727591;0,160361671;39
Sao Joaquim da Barra;2015;1183059;73;32842;10053;48530;3559;3824;4198;14,03;3549409;11581;23,86358953;30,61019426;0,151040593;39
Sao Joaquim da Barra;2016;1183059;;;;48874;3496;3791;4146;14,44;3549409;11433;23,39280599;;;39
Sao Jose da Bela Vista;2010;95964;57;1668;291;8403;764;767;715;11,14;3549508;2246;26,72854933;17,44604317;0,675235035;23
Sao Jose da Bela Vista;2011;92351;59;1841;323;8433;765;761;719;11,41;3549508;2245;26,6216056;17,5448126;0,703782758;23
Sao Jose da Bela Vista;2012;103464;63;2059;370;8464;769;756;726;11,67;3549508;2251;26,59499055;17,9698883;0,741611531;23
Sao Jose da Bela Vista;2013;109995;58;2241;402;8494;772;751;730;11,94;3549508;2253;26,5246056;17,93842035;0,685071815;23
Sao Jose da Bela Vista;2014;116169;56;2424;428;8524;779;743;733;12,22;3549508;2255;26,4547161;17,65676568;0,660370718;23
Sao Jose da Bela Vista;2015;103589;58;2516;434;8555;774;737;737;12,54;3549508;2248;26,27703098;17,24960254;0,676212741;23
Sao Jose da Bela Vista;2016;103589;;;;8589;767;739;731;12,77;3549508;2237;26,0449412;;;23
Sao Jose do Barreiro;2010;28250;58;898;157;4078;328;314;297;13,51;3549607;939;23,02599313;17,48329621;1,415154487;67
Sao Jose do Barreiro;2011;35613;59;976;173;4076;337;313;297;13,76;3549607;947;23,23356232;17,72540984;1,450686948;67
Sao Jose do Barreiro;2012;35792;69;1094;205;4074;347;312;297;14,11;3549607;956;23,4658812;18,73857404;1,697594502;67
Sao Jose do Barreiro;2013;42040;79;1193;233;4072;356;313;297;14,44;3549607;966;23,72298625;19,53059514;1,94891945;67
Sao Jose do Barreiro;2014;43528;61;1267;252;4070;371;312;297;14,79;3549607;980;24,07862408;19,88950276;1,504422604;67
Sao Jose do Barreiro;2015;37045;50;1314;273;4068;375;311;297;15,14;3549607;983;24,16420846;20,77625571;1,218534907;67
Sao Jose do Barreiro;2016;37045;;;;4069;373;320;296;15,56;3549607;989;24,30572622;;;67
Sao Jose do Rio Pardo;2010;1185115;75;26011;4503;51885;4406;4592;4359;14,56;3549706;13357;25,74347114;17,3119065;0,144993736;71
Sao Jose do Rio Pardo;2011;1266078;78;27995;4908;52026;4267;4540;4390;14,98;3549706;13197;25,36616307;17,53170209;0,150520893;71
Sao Jose do Rio Pardo;2012;1370344;76;29766;5249;52168;4131;4492;4419;15,41;3549706;13042;25;17,63421353;0,14482058;71
Sao Jose do Rio Pardo;2013;1443661;76;31705;5612;52310;3998;4438;4450;15,85;3549706;12886;24,63391321;17,70067813;0,14509654;71
Sao Jose do Rio Pardo;2014;1480685;79;33108;5953;52452;3866;4383;4473;16,29;3549706;12722;24,25455655;17,98054851;0,151452757;71
Sao Jose do Rio Pardo;2015;1349177;79;34438;6301;52595;3737;4327;4497;16,75;3549706;12561;23,88249834;18,29664905;0,15113604;71
Sao Jose do Rio Pardo;2016;1349177;;;;52716;3618;4194;4452;17,27;3549706;12264;23,26428409;;;71
Sao Jose do Rio Preto;2010;9770860;81;283099;77945;407816;29561;35158;37055;13,8;3549805;101774;24,95586245;27,53277122;0,01985209;79
Sao Jose do Rio Preto;2011;11200538;83;303444;82767;412219;29359;34544;37244;14,12;3549805;101147;24,53719989;27,27587298;0,020210131;79
Sao Jose do Rio Preto;2012;12464504;84;321334;86954;416670;29146;33930;37423;14,44;3549805;100499;24,11956704;27,0603173;0,020119039;79
Sao Jose do Rio Preto;2013;14310836;85;338565;90513;421169;28927;33317;37588;14,76;3549805;99832;23,70354893;26,73430508;0,020160553;79
Sao Jose do Rio Preto;2014;15802010;84;351138;93682;425716;28699;32703;37741;15,08;3549805;99143;23,28853038;26,6795391;0,019823075;79
Sao Jose do Rio Preto;2015;12709750;82;361933;97024;430312;28462;32091;37881;15,41;3549805;98434;22,87503021;26,80717149;0,019155868;79
Sao Jose do Rio Preto;2016;12709750;;;;433779;27740;31820;37167;15,86;3549805;96727;22,29868205;;;79
Sao Jose dos Campos;2010;25848130;82;319026;49488;629106;51955;56278;60204;9,84;3549904;168437;26,77402536;15,51221531;0,012972377;90
Sao Jose dos Campos;2011;25518740;81;341097;52503;637565;52113;55918;59985;10,25;3549904;168016;26,35276403;15,39239571;0,01268106;90
Sao Jose dos Campos;2012;26584749;82;360639;54617;646139;52246;55533;59736;10,68;3549904;167515;25,92553615;15,14450739;0,012614933;90
Sao Jose dos Campos;2013;28290100;83;379145;56098;654827;52353;55122;59455;11,11;3549904;166930;25,49222925;14,7959224;0,012701065;90
Sao Jose dos Campos;2014;30927050;84;393924;57592;663632;52431;54684;59150;11,57;3549904;166265;25,05379487;14,620079;0,012683234;90
Sao Jose dos Campos;2015;27433754;79;405042;59123;672556;52484;54223;58814;12,04;3549904;165521;24,61073873;14,59675787;0,011747721;90
Sao Jose dos Campos;2016;27433754;;;;680008;50974;54304;58371;12,52;3549904;163649;24,06574629;;;90
Sao Lourenco da Serra;2010;213289;70;4715;737;13957;1257;1231;1175;10,33;3549953;3663;26,24489503;15,63096501;0,504263094;18
Sao Lourenco da Serra;2011;218631;73;5415;853;14114;1284;1249;1198;10,63;3549953;3731;26,43474564;15,75253924;0,515374805;18
Sao Lourenco da Serra;2012;183509;73;6172;984;14272;1310;1265;1221;10,94;3549953;3796;26,59753363;15,94296824;0,513733184;18
Sao Lourenco da Serra;2013;222472;71;6808;1079;14432;1336;1280;1244;11,26;3549953;3860;26,74611973;15,84900118;0,491477273;18
Sao Lourenco da Serra;2014;215394;75;7341;1164;14595;1357;1297;1266;11,59;3549953;3920;26,85851319;15,85615039;0,512367249;18
Sao Lourenco da Serra;2015;210659;73;7671;1217;14759;1387;1312;1288;11,92;3549953;3987;27,01402534;15,8649459;0,497391422;18
Sao Lourenco da Serra;2016;210659;;;;14920;1323;1339;1307;12,25;3549953;3969;26,60187668;;;18
Sao Luis do Paraitinga;2010;86448;63;3554;829;10397;935;766;788;15,35;3550001;2489;23,93959796;23,32583005;0,601519669;89
Sao Luis do Paraitinga;2011;96318;61;3851;907;10412;918;794;779;15,63;3550001;2491;23,92431809;23,55232407;0,585862466;89
Sao Luis do Paraitinga;2012;105339;70;4203;1008;10427;904;821;768;15,91;3550001;2493;23,90908219;23,98286938;0,672964419;89
Sao Luis do Paraitinga;2013;125566;66;4629;1097;10442;888;848;757;16,2;3550001;2493;23,87473664;23,69842299;0,631200919;89
Sao Luis do Paraitinga;2014;148505;72;5044;1208;10458;876;879;746;16,47;3550001;2501;23,91470644;23,94924663;0,690189329;89
Sao Luis do Paraitinga;2015;112435;77;5372;1296;10473;859;904;734;16,77;3550001;2497;23,84226105;24,12509308;0,734746491;89
Sao Luis do Paraitinga;2016;112435;;;;10493;816;887;763;17,14;3550001;2466;23,50138187;;;89
Sao Manuel;2010;724879;77;19707;3239;38327;3172;3236;3238;12,75;3550100;9646;25,16763639;16,43578424;0,200198294;94
Sao Manuel;2011;759279;75;21329;3573;38452;3181;3212;3225;13,03;3550100;9618;25,01300322;16,75184022;0,195698533;94
Sao Manuel;2012;859218;74;22560;3752;38578;3189;3188;3210;13,33;3550100;9587;24,85095132;16,63120567;0,191534035;94
Sao Manuel;2013;936023;77;23613;3819;38704;3196;3162;3195;13,62;3550100;9553;24,68220339;16,17329437;0,19845494;94
Sao Manuel;2014;1004515;76;24478;3858;38830;3203;3136;3178;13,91;3550100;9517;24,50939995;15,76109159;0,196188514;94
Sao Manuel;2015;856783;79;25020;3879;38957;3207;3109;3161;14,21;3550100;9477;24,32682188;15,50359712;0,201658239;94
Sao Manuel;2016;856783;;;;39080;3083;3122;3141;14,58;3550100;9346;23,91504606;;;94
Sao Miguel Arcanjo;2010;332034;63;10010;2471;31445;2859;2632;2597;11,36;3550209;8088;25,72110033;24,68531469;0,200922245;98
Sao Miguel Arcanjo;2011;405842;61;10912;2713;31492;2876;2646;2570;11,65;3550209;8092;25,69541471;24,86253666;0,194239807;98
Sao Miguel Arcanjo;2012;420465;61;11776;2888;31539;2889;2662;2544;11,96;3550209;8095;25,66663496;24,52445652;0,192523542;98
Sao Miguel Arcanjo;2013;474871;62;12805;3074;31586;2902;2675;2516;12,26;3550209;8093;25,62211106;24,00624756;0,196574432;98
Sao Miguel Arcanjo;2014;556845;64;13703;3240;31634;2923;2687;2486;12,56;3550209;8096;25,5927167;23,64445742;0,202693305;98
Sao Miguel Arcanjo;2015;438011;62;14719;3431;31681;2933;2698;2457;12,88;3550209;8088;25,52949717;23,31000747;0,195195859;98
Sao Miguel Arcanjo;2016;438011;;;;31745;2817;2720;2477;13,26;3550209;8014;25,24492046;;;98
Sao Paulo;2010;450491988;77;6390092;800526;11245983;841677;990992;1073850;11,89;3550308;2906519;25,84495282;12,52761306;0,000681132;187
Sao Paulo;2011;501964421;78;6622324;853638;11312351;847983;965956;1059529;12,21;3550308;2873468;25,40115666;12,8903086;0,00068686;187
Sao Paulo;2012;538877121;78;6795228;886616;11379114;853960;941136;1044945;12,53;3550308;2840041;24,95836671;13,04762695;0,000687488;187
Sao Paulo;2013;582079727;79;7010508;919692;11446275;859602;916550;1030116;12,85;3550308;2806268;24,51686684;13,118764;0,000691928;187
Sao Paulo;2014;628064882;79;7323775;965417;11513836;864901;892216;1015060;13,18;3550308;2772177;24,07691928;13,18195876;0,000690387;187
Sao Paulo;2015;540295628;76;7590181;1008631;11581798;869856;868148;999797;13,51;3550308;2737801;23,63882534;13,28862909;0,000658706;187
Sao Paulo;2016;540295628;;;;11638802;845272;874967;975688;13,92;3550308;2695927;23,16326887;;;187
Sao Pedro;2010;407763;54;16431;3534;31629;2573;2364;2522;15,8;3550407;7459;23,58278795;21,50812489;0,169369882;51
Sao Pedro;2011;450944;52;17857;3876;31901;2593;2435;2526;16,03;3550407;7554;23,67950848;21,70577365;0,162722172;51
Sao Pedro;2012;471890;56;19294;4122;32175;2617;2507;2527;16,27;3550407;7651;23,77933178;21,36415466;0,175291375;51
Sao Pedro;2013;535546;61;20525;4269;32452;2635;2581;2530;16,51;3550407;7746;23,86909898;20,79902558;0,187630963;51
Sao Pedro;2014;578246;64;21546;4462;32731;2652;2656;2532;16,74;3550407;7840;23,95282759;20,70918036;0,196724817;51
Sao Pedro;2015;488878;67;22417;4680;33013;2676;2733;2532;16,98;3550407;7941;24,05416048;20,87701298;0,203404719;51
Sao Pedro;2016;488878;;;;33249;2584;2746;2599;17,27;3550407;7929;23,84733375;;;51
Sao Pedro do Turvo;2010;91979;57;2180;482;7195;632;556;576;13,73;3550506;1764;24,51702571;22,11009174;0,793189715;38
Sao Pedro do Turvo;2011;94590;60;2406;525;7210;635;567;567;14,02;3550506;1769;24,53536755;21,82044888;0,83148405;38
Sao Pedro do Turvo;2012;120346;66;2616;554;7224;639;578;559;14,35;3550506;1776;24,58471761;21,17737003;0,910852713;38
Sao Pedro do Turvo;2013;139042;62;2883;594;7239;649;587;549;14,67;3550506;1785;24,65810195;20,60353798;0,856333748;38
Sao Pedro do Turvo;2014;159711;65;3097;634;7253;648;598;540;15,01;3550506;1786;24,6242934;20,47142396;0,90031711;38
Sao Pedro do Turvo;2015;121134;63;3262;665;7268;645;609;531;15,34;3550506;1785;24,55971381;20,38626609;0,872041827;38
Sao Pedro do Turvo;2016;121134;;;;7289;631;613;542;15,71;3550506;1786;24,50267526;;;38
Sao Roque;2010;1457401;67;31564;5339;78711;6173;6543;6757;12,58;3550605;19473;24,73987117;16,91483969;0,084854722;56
Sao Roque;2011;1621334;69;34869;5954;79648;6289;6563;6816;12,9;3550605;19668;24,69365207;17,07533913;0,086907393;56
Sao Roque;2012;1807338;72;37921;6482;80596;6407;6581;6871;13,21;3550605;19859;24,64018065;17,09343108;0,089570202;56
Sao Roque;2013;2063347;75;40541;6879;81557;6522;6596;6924;13,54;3550605;20042;24,57422416;16,9680077;0,091727258;56
Sao Roque;2014;2272458;73;42930;7268;82528;6636;6608;6975;13,87;3550605;20219;24,49956378;16,92988586;0,088406359;56
Sao Roque;2015;1844376;70;44298;7523;83510;6750;6617;7023;14,2;3550605;20390;24,41623758;16,98270802;0,083654652;56
Sao Roque;2016;1844376;;;;84281;6520;6712;7021;14,63;3550605;20253;24,03032712;;;56
Sao Sebastiao;2010;3820148;72;20654;6271;73793;6327;6577;7129;8,19;3550704;20033;27,14756142;30,36215745;0,09785481;163
Sao Sebastiao;2011;4239894;73;23161;7112;75155;6445;6634;7137;8,47;3550704;20216;26,89907524;30,70679159;0,097531768;163
Sao Sebastiao;2012;4550426;73;25443;7657;76542;6564;6691;7141;8,75;3550704;20396;26,64680829;30,09472153;0,095372475;163
Sao Sebastiao;2013;5407710;74;27633;8181;77956;6680;6744;7143;9,04;3550704;20567;26,38283134;29,60590598;0,094566166;163
Sao Sebastiao;2014;5254869;75;30066;8768;79395;6795;6795;7142;9,35;3550704;20732;26,1124756;29,16250915;0,094250268;163
Sao Sebastiao;2015;4654609;73;31730;9267;80861;6912;6844;7136;9,66;3550704;20892;25,83693004;29,20579893;0,089660034;163
Sao Sebastiao;2016;4654609;;;;82079;6776;6940;7172;10,01;3550704;20888;25,44865313;;;163
Sao Sebastiao da Grama;2010;140820;62;3863;548;12102;1019;1019;1000;13,29;3550803;3038;25,10328871;14,18586591;0,510328871;18
Sao Sebastiao da Grama;2011;150894;62;4283;628;12077;1016;1010;993;13,68;3550803;3019;24,99792995;14,66261966;0,510722862;18
Sao Sebastiao da Grama;2012;218158;59;4561;690;12052;1002;1000;986;14,08;3550803;2988;24,79256555;15,12826135;0,486475274;18
Sao Sebastiao da Grama;2013;195073;59;4865;725;12026;993;990;978;14,5;3550803;2961;24,62165308;14,90236382;0,491019458;18
Sao Sebastiao da Grama;2014;260688;57;5179;774;12001;993;978;968;14,94;3550803;2939;24,48962586;14,94497007;0,478793434;18
Sao Sebastiao da Grama;2015;193127;56;5435;792;11976;975;968;961;15,4;3550803;2904;24,24849699;14,57221711;0,463927856;18
Sao Sebastiao da Grama;2016;193127;;;;11968;937;974;954;15,87;3550803;2865;23,9388369;;;18
Sao Simao;2010;253662;78;5736;694;14340;1159;1288;1139;14,5;3550902;3586;25,0069735;12,09902371;0,547280335;65
Sao Simao;2011;268625;68;6242;756;14389;1160;1265;1165;14,78;3550902;3590;24,94961429;12,11150272;0,475154632;65
Sao Simao;2012;319313;78;6704;819;14438;1160;1226;1192;15,06;3550902;3578;24,78182574;12,21658711;0,538578751;65
Sao Simao;2013;363375;77;7204;868;14487;1160;1202;1214;15,35;3550902;3576;24,68419963;12,04886174;0,532201284;65
Sao Simao;2014;392223;80;7590;909;14537;1160;1174;1251;15,62;3550902;3585;24,66120933;11,97628458;0,549907134;65
Sao Simao;2015;319440;82;7885;976;14586;1159;1146;1273;15,93;3550902;3578;24,53037159;12,37793278;0,563896887;65
Sao Simao;2016;319440;;;;14638;1136;1149;1247;16,29;3550902;3532;24,12897937;;;65
Sao Vicente;2010;3360635;71;96429;37480;332193;27348;28140;30205;11,14;3551009;85693;25,79614862;38,8679754;0,02129786;24
Sao Vicente;2011;3609865;69;104663;40860;334760;27483;28075;29780;11,49;3551009;85338;25,49229299;39,03958419;0,020698411;24
Sao Vicente;2012;3944432;69;111772;43679;337348;27610;28000;29346;11,85;3551009;84956;25,18349005;39,07866013;0,020557407;24
Sao Vicente;2013;4514832;69;117924;46051;339955;27728;27918;28912;12,22;3551009;84558;24,87329205;39,05142295;0,020223265;24
Sao Vicente;2014;4940871;65;124357;48589;342583;27835;27826;28475;12,59;3551009;84136;24,55930388;39,07218733;0,018859663;24
Sao Vicente;2015;4074127;61;129386;50962;345231;27935;27723;28035;12,97;3551009;83693;24,24260857;39,38756898;0,017579534;24
Sao Vicente;2016;4074127;;;;347733;27213;27899;28019;13,37;3551009;83131;23,90656049;;;24
Sarapui;2010;93509;70;3295;1120;9016;768;734;710;12,31;3551108;2212;24,53416149;33,9908953;0,778061224;8
Sarapui;2011;115589;71;3805;1291;9124;793;752;725;12,52;3551108;2270;24,87943884;33,92904074;0,777400263;8
Sarapui;2012;110316;69;4255;1420;9233;819;769;742;12,74;3551108;2330;25,23556807;33,37250294;0,751868298;8
Sarapui;2013;113563;74;4666;1548;9343;845;787;757;12,95;3551108;2389;25,56994541;33,17616802;0,796425131;8
Sarapui;2014;124870;70;5039;1681;9455;879;803;772;13,18;3551108;2454;25,95452142;33,35979361;0,740349022;8
Sarapui;2015;111569;59;5284;1759;9569;898;822;788;13,41;3551108;2508;26,20963528;33,28917487;0,614588776;8
Sarapui;2016;111569;;;;9675;884;847;806;13,63;3551108;2537;26,22222222;;;8
Sarutaia;2010;25396;64;887;132;3623;336;283;264;14,74;3551207;883;24,37206735;14,88162345;1,768699972;20
Sarutaia;2011;27907;60;1007;145;3624;334;291;266;14,96;3551207;891;24,58609272;14,39920556;1,652869757;20
Sarutaia;2012;30863;57;1149;166;3626;328;299;267;15,22;3551207;894;24,65526751;14,44734552;1,560121346;20
Sarutaia;2013;41971;63;1284;175;3626;323;309;270;15,39;3551207;902;24,8758963;13,62928349;1,728902372;20
Sarutaia;2014;50328;56;1399;199;3628;309;321;270;15,68;3551207;900;24,80705623;14,22444603;1,536383682;20
Sarutaia;2015;35293;55;1499;207;3629;303;325;272;15,93;3551207;900;24,80022045;13,80920614;1,517222375;20
Sarutaia;2016;35293;;;;3633;299;326;281;16,21;3551207;906;24,93806771;;;20
Sebastianopolis do Sul;2010;235556;75;2006;350;3027;215;252;285;15,92;3551306;752;24,84307896;17,44765703;2,490915097;5
Sebastianopolis do Sul;2011;190425;75;2165;373;3059;213;250;290;16,21;3551306;753;24,61588754;17,22863741;2,458319712;5
Sebastianopolis do Sul;2012;197372;77;2373;414;3089;213;246;284;16,54;3551306;743;24,05309162;17,44627054;2,480090644;5
Sebastianopolis do Sul;2013;231105;83;2605;421;3121;211;243;281;16,98;3551306;735;23,55014418;16,16122841;2,643383531;5
Sebastianopolis do Sul;2014;254442;93;2763;444;3154;208;239;278;17,34;3551306;725;22,98668358;16,06948969;2,961001902;5
Sebastianopolis do Sul;2015;221780;87;2764;442;3186;207;236;276;17,83;3551306;719;22,56748274;15,99131693;2,716572505;5
Sebastianopolis do Sul;2016;221780;;;;3207;197;232;273;18,3;3551306;702;21,88961646;;;5
Serra Azul;2010;83112;69;2435;220;11217;812;1243;1260;9,17;3551405;3315;29,55335651;9,034907598;0,613889632;18
Serra Azul;2011;90018;69;2666;249;11323;834;1248;1279;9,4;3551405;3361;29,68294622;9,339834959;0,613265036;18
Serra Azul;2012;115291;69;2987;291;11431;858;1253;1288;9,64;3551405;3399;29,73493133;9,742216271;0,601959584;18
Serra Azul;2013;135251;71;3272;332;11540;880;1255;1300;9,9;3551405;3435;29,7660312;10,14669927;0,615684575;18
Serra Azul;2014;147997;65;3444;357;11650;903;1260;1313;10,15;3551405;3476;29,83690987;10,36585366;0,55527897;18
Serra Azul;2015;114334;57;3616;372;11762;927;1263;1319;10,42;3551405;3509;29,83336167;10,28761062;0,481380718;18
Serra Azul;2016;114334;;;;11863;906;1284;1327;10,63;3551405;3517;29,64680098;;;18
Serra Negra;2010;380644;62;13884;3602;26365;1935;1967;2085;17,06;3551603;5987;22,70813579;25,94353212;0,234515456;35
Serra Negra;2011;432232;59;15016;4009;26487;1930;1974;2072;17,36;3551603;5976;22,56201155;26,6981886;0,223505871;35
Serra Negra;2012;470469;59;16176;4301;26609;1924;1979;2066;17,67;3551603;5969;22,43225976;26,58877349;0,222405953;35
Serra Negra;2013;506501;58;17151;4516;26733;1918;1983;2054;18;3551603;5955;22,27583885;26,33082619;0,217783264;35
Serra Negra;2014;597784;58;18065;4722;26856;1912;1989;2044;18,31;3551603;5945;22,13658028;26,13894271;0,217605004;35
Serra Negra;2015;477526;58;18651;4834;26981;1905;1992;2031;18,65;3551603;5928;21,97101664;25,91818133;0,21570735;35
Serra Negra;2016;477526;;;;27072;1853;1985;2034;19,03;3551603;5872;21,69030733;;;35
Serrana;2010;420611;66;13924;2740;38821;3568;3883;3859;8,04;3551504;11310;29,13371629;19,67825338;0,170011076;36
Serrana;2011;479149;70;15199;3103;39395;3571;3859;3909;8,29;3551504;11339;28,78284046;20,41581683;0,17778906;36
Serrana;2012;509438;69;16351;3389;39977;3574;3833;3953;8,54;3551504;11360;28,4163394;20,72656107;0,172774345;36
Serrana;2013;605341;68;17633;3659;40569;3575;3806;4000;8,79;3551504;11381;28,05343982;20,75086486;0,168330499;36
Serrana;2014;672858;68;18719;3877;41169;3574;3778;4046;9,05;3551504;11398;27,68588015;20,71157647;0,16432267;36
Serrana;2015;537479;63;19689;4117;41778;3571;3748;4087;9,32;3551504;11406;27,30145052;20,91015288;0,151084303;36
Serrana;2016;537479;;;;42296;3483;3740;4054;9,68;3551504;11277;26,66209571;;;36
Sertaozinho;2010;3742697;68;65290;18940;109936;9103;10452;10879;10,18;3551702;30434;27,68337942;29,00903661;0,061553995;61
Sertaozinho;2011;3893518;65;69809;20636;111282;9069;10274;10910;10,51;3551702;30253;27,1858881;29,56065837;0,058041732;61
Sertaozinho;2012;4194460;71;73855;21940;112645;9030;10097;10935;10,83;3551702;30062;26,68738071;29,70685803;0,06345599;61
Sertaozinho;2013;4289255;71;77474;23044;114023;8989;9918;10956;11,17;3551702;29863;26,19033002;29,74417224;0,061952413;61
Sertaozinho;2014;4360402;71;80794;23981;115419;8945;9735;10971;11,51;3551702;29651;25,68987775;29,68165953;0,061523666;61
Sertaozinho;2015;4096066;71;82738;24661;116832;8896;9553;10982;11,86;3551702;29431;25,19087236;29,80613503;0,06042009;61
Sertaozinho;2016;4096066;;;;117916;8679;9480;10759;12,29;3551702;28918;24,52423759;;;61
Sete Barras;2010;247450;62;3069;1177;13011;1203;915;959;12,73;3551801;3077;23,64921989;38,35125448;0,473983552;92
Sete Barras;2011;189487;62;3419;1318;12947;1208;949;926;13,04;3551801;3083;23,81246621;38,54928342;0,477871322;92
Sete Barras;2012;228233;65;3836;1468;12883;1211;981;894;13,36;3551801;3086;23,95404797;38,26903024;0,505705193;92
Sete Barras;2013;158367;70;4177;1539;12819;1213;1016;861;13,71;3551801;3090;24,10484437;36,84462533;0,544972307;92
Sete Barras;2014;237777;68;4466;1609;12756;1219;1051;829;14,03;3551801;3099;24,29444967;36,02776534;0,53323926;92
Sete Barras;2015;212263;61;4719;1694;12693;1219;1086;799;14,38;3551801;3104;24,4544237;35,8974359;0,482155519;92
Sete Barras;2016;212263;;;;12680;1180;1097;836;14,77;3551801;3113;24,55047319;;;92
Severinia;2010;221796;64;5209;632;15484;1367;1534;1476;9,87;3551900;4377;28,26788943;12,132847;0,412231981;19
Severinia;2011;235885;58;5839;804;15651;1378;1511;1502;10,09;3551900;4391;28,05571529;13,76948108;0,371733436;19
Severinia;2012;242034;61;6327;876;15820;1388;1491;1530;10,32;3551900;4409;27,86978508;13,84542437;0,386219975;19
Severinia;2013;254859;59;6892;970;15991;1398;1470;1554;10,56;3551900;4422;27,65305484;14,07428903;0,371709086;19
Severinia;2014;271198;56;7251;1016;16164;1408;1448;1575;10,81;3551900;4431;27,41276912;14,01186043;0,343603069;19
Severinia;2015;245154;46;7522;1061;16338;1415;1425;1600;11,06;3551900;4440;27,17590892;14,10529115;0,278553066;19
Severinia;2016;245154;;;;16492;1363;1434;1572;11,4;3551900;4369;26,49163231;;;19
Silveiras;2010;37239;59;1936;489;5788;467;508;459;13,93;3552007;1434;24,77539737;25,25826446;1,010884589;26
Silveiras;2011;39094;58;2085;544;5830;484;501;468;14,1;3552007;1453;24,92281304;26,0911271;1,00102916;26
Silveiras;2012;42420;53;2297;579;5871;501;492;480;14,29;3552007;1473;25,08942259;25,20679147;0,899506047;26
Silveiras;2013;52372;62;2470;625;5913;518;484;488;14,53;3552007;1490;25,1987147;25,30364372;1,044816506;26
Silveiras;2014;55586;63;2616;673;5955;538;475;498;14,71;3552007;1511;25,3736356;25,72629969;1,050881612;26
Silveiras;2015;45342;56;2704;708;5998;553;466;507;14,97;3552007;1526;25,44181394;26,18343195;0,925641881;26
Silveiras;2016;45342;;;;6039;545;483;499;15,22;3552007;1527;25,28564332;;;26
Socorro;2010;436407;69;20145;6877;36651;2748;2820;2948;16,92;3552106;8516;23,23538239;34,1375031;0,189244495;34
Socorro;2011;487411;72;22070;7535;36888;2721;2834;2948;17,25;3552106;8503;23,05085665;34,14136837;0,194236608;34
Socorro;2012;530288;71;23631;7945;37127;2691;2847;2958;17,59;3552106;8496;22,8836157;33,62109094;0,192232068;34
Socorro;2013;585297;70;25094;8294;37366;2663;2858;2964;17,94;3552106;8485;22,70780924;33,05172551;0,188085425;34
Socorro;2014;667718;74;26375;8639;37608;2634;2871;2970;18,28;3552106;8475;22,53509892;32,75450237;0,196208254;34
Socorro;2015;541424;74;27607;9019;37851;2605;2882;2973;18,63;3552106;8460;22,35079654;32,66925055;0,19471084;34
Socorro;2016;541424;;;;38036;2540;2847;2979;19;3552106;8366;21,99495215;;;34
Sorocaba;2010;19721441;85;324708;63438;585780;48161;52635;54794;10,97;3552205;155590;26,56116631;19,5369378;0,014438868;109
Sorocaba;2011;22985028;87;355225;69883;593183;48388;52446;55158;11,27;3552205;155992;26,29744952;19,67288338;0,014585718;109
Sorocaba;2012;25969689;87;381117;74418;600678;48597;52234;55500;11,57;3552205;156331;26,02575756;19,5262872;0,014422036;109
Sorocaba;2013;29354936;87;406944;78097;608269;48787;52003;55817;11,88;3552205;156607;25,7463392;19,19109263;0,014362067;109
Sorocaba;2014;32662452;90;425776;80612;615955;48957;51752;56117;12,2;3552205;156826;25,46062618;18,93296005;0,01457087;109
Sorocaba;2015;26138709;90;440444;83003;623739;49108;51481;56396;12,52;3552205;156985;25,16837972;18,84530156;0,014429112;109
Sorocaba;2016;26138709;;;;630550;47557;51651;56180;12,93;3552205;155388;24,64324796;;;109
Sud Mennucci;2010;122710;80;2735;441;7434;629;634;608;12,28;3552304;1871;25,16814635;16,12431444;1,073984396;31
Sud Mennucci;2011;145403;76;2889;472;7465;622;634;610;12,58;3552304;1866;24,99665104;16,33783316;1,013797723;31
Sud Mennucci;2012;175998;74;3146;529;7496;614;636;611;12,9;3552304;1861;24,82657417;16,81500318;0,985859125;31
Sud Mennucci;2013;160188;71;3388;569;7527;608;627;613;13,23;3552304;1848;24,55161419;16,79456907;0,937425269;31
Sud Mennucci;2014;161995;71;3665;582;7559;599;626;614;13,59;3552304;1839;24,3286149;15,87994543;0,945495436;31
Sud Mennucci;2015;153259;70;3790;592;7590;592;612;615;13,94;3552304;1819;23,9657444;15,62005277;0,924901186;31
Sud Mennucci;2016;153259;;;;7615;571;605;619;14,39;3552304;1795;23,57189757;;;31
Sumare;2010;9488102;69;107104;20783;240901;20583;22688;24032;8,37;3552403;67303;27,93803264;19,40450403;0,028704738;39
Sumare;2011;9507709;66;116182;23047;245257;20752;22673;24208;8,7;3552403;67633;27,57637906;19,83697991;0,026727066;39
Sumare;2012;11180730;71;124337;24453;249690;20912;22646;24375;9,03;3552403;67933;27,2069366;19,66671224;0,028259041;39
Sumare;2013;11674930;70;132424;25479;254205;21067;22611;24534;9,38;3552403;68212;26,83346118;19,24047001;0,027462088;39
Sumare;2014;11969866;71;140833;26704;258801;21213;22569;24683;9,73;3552403;68465;26,45468912;18,961465;0,027449662;39
Sumare;2015;10764267;67;147333;27506;263480;21351;22514;24822;10,1;3552403;68687;26,06915136;18,66927301;0,025607257;39
Sumare;2016;10764267;;;;267313;20878;22598;24722;10,52;3552403;68198;25,51241429;;;39
Suzanapolis;2010;115736;63;1015;183;3378;289;273;256;14,33;3552551;818;24,21551214;18,02955665;1,877738307;52
Suzanapolis;2011;95169;58;1120;210;3438;295;282;265;14,4;3552551;842;24,49098313;18,75;1,69255381;52
Suzanapolis;2012;83248;66;1251;220;3498;290;297;275;14,49;3552551;862;24,64265294;17,58593125;1,878216123;52
Suzanapolis;2013;104034;69;1459;241;3561;290;312;285;14,55;3552551;887;24,9087335;16,51816313;1,932603201;52
Suzanapolis;2014;106782;77;1598;252;3624;292;317;295;14,65;3552551;904;24,94481236;15,76971214;2,113962472;52
Suzanapolis;2015;100994;66;1675;247;3688;292;321;306;14,78;3552551;919;24,9186551;14,74626866;1,797180043;52
Suzanapolis;2016;100994;;;;3738;287;326;314;15,09;3552551;927;24,79935795;;;52
Suzano;2010;6555271;84;82272;12132;262179;23417;23205;23355;8,7;3552502;69977;26,69054348;14,7462077;0,032004852;55
Suzano;2011;7219540;88;89939;13165;265050;23862;23308;23385;9,05;3552502;70555;26,61950575;14,63769888;0,033080551;55
Suzano;2012;7748117;89;97809;13969;267953;24299;23401;23402;9,41;3552502;71102;26,53525058;14,2819168;0,033169996;55
Suzano;2013;8963829;90;106380;14654;270887;24732;23479;23408;9,78;3552502;71619;26,43869953;13,7751457;0,033058065;55
Suzano;2014;10130268;91;114049;15296;273854;25162;23546;23402;10,16;3552502;72110;26,33154893;13,41177915;0,033291462;55
Suzano;2015;8123405;89;120175;15930;276852;25586;23600;23383;10,55;3552502;72569;26,21220002;13,25566882;0,031973762;55
Suzano;2016;8123405;;;;279626;24659;24047;23494;10,97;3552502;72200;25,8202027;;;55
Tabapua;2010;170887;60;5117;926;11355;869;980;1003;15,67;3552601;2852;25,11668868;18,09654094;0,525583443;5
Tabapua;2011;182363;61;5593;1056;11417;850;965;1010;15,92;3552601;2825;24,7438031;18,88074379;0,534378558;5
Tabapua;2012;188389;62;6107;1147;11480;831;948;1013;16,2;3552601;2792;24,32055749;18,78172589;0,53989547;5
Tabapua;2013;217645;66;6670;1226;11543;812;933;1017;16,48;3552601;2762;23,92792168;18,3808096;0,570822143;5
Tabapua;2014;223044;70;7131;1310;11606;792;916;1023;16,76;3552601;2731;23,53093228;18,37049502;0,599431329;5
Tabapua;2015;196466;66;7434;1346;11670;774;902;1018;17,04;3552601;2694;23,0848329;18,10599946;0,567437875;5
Tabapua;2016;196466;;;;11714;749;881;999;17,38;3552601;2629;22,44323032;;;5
Tabatinga;2010;139990;62;6141;861;14671;1205;1405;1422;11,67;3552700;4032;27,48278918;14,02051783;0,425397042;23
Tabatinga;2011;147195;65;6852;1023;14796;1205;1372;1434;11,9;3552700;4011;27,10867802;14,92994746;0,436604488;23
Tabatinga;2012;154038;66;7534;1142;14922;1206;1341;1439;12,14;3552700;3986;26,71223697;15,15795062;0,444243399;23
Tabatinga;2013;170489;68;8120;1215;15049;1203;1311;1444;12,38;3552700;3958;26,30075088;14,96305419;0,454183002;23
Tabatinga;2014;189697;73;8609;1280;15178;1202;1280;1446;12,64;3552700;3928;25,87956252;14,86816123;0,480036896;23
Tabatinga;2015;160282;62;8960;1316;15307;1199;1250;1455;12,92;3552700;3904;25,50467107;14,6875;0,403736852;23
Tabatinga;2016;160282;;;;15423;1178;1249;1422;13,28;3552700;3849;24,9562342;;;23
Taboao da Serra;2010;5473360;72;78651;15317;244095;20187;22652;24038;7,91;3552809;66877;27,39793933;19,47464114;0,029295971;7
Taboao da Serra;2011;6054166;72;90836;17972;248060;20603;22364;23998;8,22;3552809;66965;26,99548496;19,78510723;0,029174393;7
Taboao da Serra;2012;6434869;76;103342;20145;252089;21015;22068;23949;8,53;3552809;67032;26,59060887;19,49352635;0,03016395;7
Taboao da Serra;2013;7060898;78;112781;21901;256183;21422;21763;23881;8,85;3552809;67066;26,1789424;19,41905108;0,030345495;7
Taboao da Serra;2014;7326979;80;118290;22982;260345;21827;21450;23802;9,18;3552809;67079;25,76542665;19,42852312;0,030663159;7
Taboao da Serra;2015;6470054;79;121138;23801;264574;22225;21129;23711;9,52;3552809;67065;25,34829575;19,64783965;0,029968931;7
Taboao da Serra;2016;6470054;;;;268325;21657;21540;23418;9,9;3552809;66615;24,82623684;;;7
Taciba;2010;60463;68;1826;389;5710;496;453;448;13,06;3552908;1397;24,46584939;21,3033954;1,198598949;55
Taciba;2011;80688;70;2000;432;5745;502;462;450;13,32;3552908;1414;24,6127067;21,6;1,217928634;55
Taciba;2012;97987;65;2197;454;5780;500;472;452;13,55;3552908;1424;24,6366782;20,66454256;1,130276817;55
Taciba;2013;110193;62;2346;462;5816;492;482;455;13,82;3552908;1429;24,57015131;19,69309463;1,064305365;55
Taciba;2014;106678;60;2504;496;5851;496;490;455;14,13;3552908;1441;24,62826867;19,80830671;1,025465732;55
Taciba;2015;91202;57;2642;531;5887;490;499;456;14,44;3552908;1445;24,54560897;20,0984103;0,967215899;55
Taciba;2016;91202;;;;5920;473;502;465;14,73;3552908;1440;24,32432432;;;55
Taguai;2010;115510;50;2650;337;10795;1045;1141;1013;10,38;3553005;3199;29,63408986;12,71698113;0,466975452;15
Taguai;2011;135712;60;2996;394;11051;1037;1146;1062;10,53;3553005;3245;29,36385847;13,15086782;0,539317709;15
Taguai;2012;147423;57;3307;439;11314;1028;1155;1114;10,76;3553005;3297;29,1408874;13,27487148;0,5069825;15
Taguai;2013;168163;53;3560;462;11582;1018;1160;1164;10,94;3553005;3342;28,85512001;12,97752809;0,461664652;15
Taguai;2014;174625;59;3842;486;11857;1009;1166;1224;11,15;3553005;3399;28,66661044;12,64966163;0,496752973;15
Taguai;2015;148287;65;4102;502;12139;998;1171;1276;11,37;3553005;3445;28,37960293;12,23793272;0,534393278;15
Taguai;2016;148287;;;;12367;974;1156;1278;11,61;3553005;3408;27,5572087;;;15
Taiacu;2010;54267;72;2014;340;5892;517;527;474;14,88;3553104;1518;25,76374745;16,88182721;1,215376782;4
Taiacu;2011;56709;67;2232;394;5907;516;530;483;15,05;3553104;1529;25,88454376;17,65232975;1,134078212;4
Taiacu;2012;59790;63;2434;438;5923;516;522;492;15,2;3553104;1530;25,83150431;17,99506984;1,063481344;4
Taiacu;2013;66322;63;2610;477;5937;514;517;502;15,39;3553104;1533;25,82112178;18,27586207;1,058278592;4
Taiacu;2014;67951;65;2729;492;5953;512;524;511;15,59;3553104;1547;25,98689736;18,0285819;1,093902234;4
Taiacu;2015;61008;57;2831;508;5968;509;512;521;15,78;3553104;1542;25,83780161;17,94418933;0,949564343;4
Taiacu;2016;61008;;;;5982;486;511;526;16,03;3553104;1523;25,45971247;;;4
Taiuva;2010;64346;60;2237;295;5447;451;474;434;16,83;3553203;1359;24,94951349;13,18730443;1,105746282;21
Taiuva;2011;67198;52;2437;337;5730;451;537;501;16,53;3553203;1489;25,98603839;13,82847764;0,909598604;21
Taiuva;2012;71635;48;2663;376;6045;452;600;586;16,15;3553203;1638;27,09677419;14,11941419;0,80082713;21
Taiuva;2013;79752;51;2862;394;6394;449;694;688;15,64;3553203;1831;28,63622146;13,76659679;0,798248358;21
Taiuva;2014;85009;58;3016;428;6371;432;678;700;15,99;3553203;1810;28,40998273;14,19098143;0,902684037;21
Taiuva;2015;73588;62;3096;439;6352;416;671;695;16,42;3553203;1782;28,05415617;14,17958656;0,971505038;21
Taiuva;2016;73588;;;;6330;403;653;697;16,78;3553203;1753;27,69352291;;;21
Tambau;2010;393245;64;10105;1986;22405;1922;1916;1835;13,67;3553302;5673;25,32024102;19,65363681;0,286409284;30
Tambau;2011;418702;69;10905;2184;22439;1886;1901;1837;13,98;3553302;5624;25,0635055;20,02751032;0,308347074;30
Tambau;2012;425547;69;11695;2356;22473;1849;1891;1838;14,31;3553302;5578;24,82089619;20,14536127;0,305166199;30
Tambau;2013;463508;66;12508;2479;22507;1813;1882;1838;14,65;3553302;5533;24,58346292;19,81931564;0,291775892;30
Tambau;2014;488048;64;13115;2548;22540;1778;1870;1838;14,98;3553302;5486;24,33895297;19,42813572;0,281943212;30
Tambau;2015;437810;62;13523;2608;22575;1743;1855;1838;15,32;3553302;5436;24,07973422;19,28566147;0,274418605;30
Tambau;2016;437810;;;;22620;1695;1822;1833;15,79;3553302;5350;23,65163572;;;30
Tanabi;2010;398165;66;11971;2944;24042;1749;2006;2095;15,95;3553401;5850;24,33241827;24,59276585;0,275684219;33
Tanabi;2011;457345;72;12806;3126;24165;1741;1964;2088;16,27;3553401;5793;23,97268777;24,41043261;0,298324022;33
Tanabi;2012;483488;76;13873;3305;24288;1730;1922;2082;16,63;3553401;5734;23,60836627;23,8232538;0,31344697;33
Tanabi;2013;726895;74;14615;3423;24412;1719;1880;2077;16,95;3553401;5676;23,25086023;23,42114266;0,304768147;33
Tanabi;2014;763863;72;15297;3550;24536;1709;1837;2067;17,27;3553401;5613;22,8765895;23,2071648;0,295321161;33
Tanabi;2015;565951;70;15709;3651;24661;1697;1795;2059;17,61;3553401;5551;22,50922509;23,24145394;0,283362394;33
Tanabi;2016;565951;;;;24750;1633;1783;2013;18,08;3553401;5429;21,93535354;;;33
Tapirai;2010;73820;69;2123;375;8016;727;592;603;12,24;3553500;1922;23,97704591;17,66368347;0,864271457;38
Tapirai;2011;81338;66;2283;411;7968;751;604;586;12,46;3553500;1941;24,35993976;18,00262812;0,833960843;38
Tapirai;2012;89399;70;2475;453;7922;774;617;570;12,71;3553500;1961;24,75385004;18,3030303;0,881721787;38
Tapirai;2013;119208;63;2630;468;7875;799;629;554;12,97;3553500;1982;25,16825397;17,79467681;0,796825397;38
Tapirai;2014;144494;63;2857;501;7828;823;642;537;13,22;3553500;2002;25,57485948;17,53587679;0,807613694;38
Tapirai;2015;101652;62;3043;516;7782;848;652;519;13,52;3553500;2019;25,94448728;16,95695038;0,791955795;38
Tapirai;2016;101652;;;;7765;810;680;534;13,82;3553500;2024;26,06567933;;;38
Tapiratiba;2010;168067;66;4326;535;12739;1209;1082;937;13,31;3553609;3228;25,3395086;12,36708276;0,518329539;40
Tapiratiba;2011;177124;62;4772;603;12722;1180;1099;956;13,61;3553609;3235;25,42839176;12,63621123;0,486558717;40
Tapiratiba;2012;222375;58;5078;642;12704;1152;1115;975;13,95;3553609;3242;25,51952141;12,64277275;0,454581234;40
Tapiratiba;2013;229145;62;5318;649;12687;1123;1131;993;14,27;3553609;3247;25,59312682;12,20383603;0,491290297;40
Tapiratiba;2014;248577;58;5624;681;12669;1094;1142;1011;14,59;3553609;3247;25,6294893;12,10881935;0,460257321;40
Tapiratiba;2015;209058;41;5848;696;12652;1065;1159;1028;14,91;3553609;3252;25,7034461;11,90150479;0,327220993;40
Tapiratiba;2016;209058;;;;12644;1006;1129;1047;15,48;3553609;3182;25,16608668;;;40
Taquaral;2010;24097;67;784;97;2726;221;234;216;13,94;3553658;671;24,61482025;12,37244898;2,445707997;12
Taquaral;2011;24316;54;878;106;2727;219;235;217;14,23;3553658;671;24,60579391;12,07289294;1,987532087;12
Taquaral;2012;22430;59;961;117;2728;218;234;220;14,55;3553658;672;24,63343109;12,1748179;2,159457478;12
Taquaral;2013;19941;60;1067;136;2729;217;221;228;14,91;3553658;666;24,40454379;12,74601687;2,198607549;12
Taquaral;2014;24355;68;1121;153;2730;216;217;227;15,24;3553658;660;24,17582418;13,6485281;2,498901099;12
Taquaral;2015;23028;65;1148;146;2731;214;213;225;15,64;3553658;652;23,87403881;12,71777003;2,384474551;12
Taquaral;2016;23028;;;;2735;212;213;224;16,16;3553658;649;23,72943327;;;12
Taquaritinga;2010;769804;81;27311;5494;53972;4344;4600;4571;13,86;3553708;13515;25,04076188;20,1164366;0,150040762;108
Taquaritinga;2011;869828;81;29204;6021;54019;4305;4521;4548;14,17;3553708;13374;24,75795553;20,61703876;0,149373369;108
Taquaritinga;2012;940701;82;31230;6453;54064;4266;4442;4518;14,47;3553708;13226;24,4635987;20,66282421;0,151801569;108
Taquaritinga;2013;1193770;82;33308;6814;54111;4224;4364;4494;14,78;3553708;13082;24,17623034;20,45754774;0,152224132;108
Taquaritinga;2014;1308796;81;34662;7101;54156;4182;4285;4464;15,1;3553708;12931;23,87731738;20,48641163;0,150343452;108
Taquaritinga;2015;1016580;76;35908;7405;54203;4140;4207;4435;15,41;3553708;12782;23,58172057;20,62214548;0,139309632;108
Taquaritinga;2016;1016580;;;;54262;4023;4178;4368;15,8;3553708;12569;23,16353986;;;108
Taquarituba;2010;253559;68;8787;1590;22288;1977;1871;1810;12,06;3553807;5658;25,38585786;18,09491294;0,305096913;35
Taquarituba;2011;291894;74;9814;1873;22387;1971;1884;1812;12,41;3553807;5667;25,31379819;19,08498064;0,331889043;35
Taquarituba;2012;358298;74;10897;2045;22485;1967;1894;1813;12,79;3553807;5674;25,23460085;18,76663302;0,331198577;35
Taquarituba;2013;395542;78;11935;2186;22584;1955;1906;1814;13,18;3553807;5675;25,12840949;18,31587767;0,34427028;35
Taquarituba;2014;425595;80;12606;2288;22684;1942;1915;1814;13,56;3553807;5671;25;18,15008726;0,354523012;35
Taquarituba;2015;344978;81;13096;2387;22784;1932;1925;1813;13,97;3553807;5670;24,88588483;18,22693952;0,353362008;35
Taquarituba;2016;344978;;;;22865;1849;1915;1826;14,41;3553807;5590;24,44784605;;;35
Taquarivai;2010;61988;93;785;159;5145;517;496;453;7,87;3553856;1466;28,49368319;20,25477707;1,800777454;26
Taquarivai;2011;59649;89;934;197;5203;525;500;460;8,15;3553856;1485;28,54122622;21,09207709;1,711128195;26
Taquarivai;2012;77170;111;1080;219;5261;534;506;471;8,4;3553856;1511;28,72077552;20,27777778;2,100931382;26
Taquarivai;2013;112967;111;1188;239;5320;542;509;479;8,7;3553856;1530;28,7593985;20,11784512;2,086654135;26
Taquarivai;2014;166836;103;1326;261;5380;557;512;486;9,05;3553856;1555;28,90334572;19,68325792;1,908550186;26
Taquarivai;2015;95722;104;1487;284;5440;557;516;494;9,39;3553856;1567;28,80514706;19,09885676;1,914889706;26
Taquarivai;2016;95722;;;;5500;554;524;498;9,73;3553856;1576;28,65454545;;;26
Tarabai;2010;60384;70;1947;420;6600;614;565;569;11,64;3553906;1748;26,48484848;21,57164869;1,053636364;20
Tarabai;2011;65482;62;2173;489;6667;611;580;573;11,68;3553906;1764;26,45867707;22,50345145;0,935953202;20
Tarabai;2012;68843;67;2368;526;6734;607;594;578;11,73;3553906;1779;26,41817642;22,21283784;1,000891001;20
Tarabai;2013;76573;68;2585;555;6802;599;612;581;11,81;3553906;1792;26,34519259;21,47001934;1,000735078;20
Tarabai;2014;79837;62;2816;596;6870;592;627;585;11,94;3553906;1804;26,25909753;21,16477273;0,902474527;20
Tarabai;2015;70224;64;2997;624;6940;587;636;588;12;3553906;1811;26,09510086;20,82082082;0,924495677;20
Tarabai;2016;70224;;;;7004;581;639;602;12,25;3553906;1822;26,01370645;;;20
Taruma;2010;535980;70;4850;696;12865;1124;1212;1137;9,38;3553955;3473;26,99572483;14,35051546;0,543179168;43
Taruma;2011;638898;74;5217;766;13062;1121;1213;1167;9,62;3553955;3501;26,80293983;14,68276787;0,568366253;43
Taruma;2012;697193;67;5593;866;13261;1117;1207;1198;9,88;3553955;3522;26,55908303;15,48364026;0,503129477;43
Taruma;2013;750416;66;5975;923;13463;1113;1204;1226;10,16;3553955;3543;26,31657134;15,44769874;0,492163708;43
Taruma;2014;767283;68;6407;966;13669;1108;1200;1254;10,44;3553955;3562;26,05896554;15,07725925;0,494403395;43
Taruma;2015;677954;64;6793;1016;13878;1102;1195;1289;10,74;3553955;3586;25,83945814;14,95657294;0,464476149;43
Taruma;2016;677954;;;;14059;1088;1189;1286;11,08;3553955;3563;25,34319653;;;43
Tatui;2010;2315180;75;54838;18531;107202;9152;9384;9537;11,83;3554003;28073;26,18701144;33,79226084;0,069588254;116
Tatui;2011;2657239;77;59997;20262;108492;9250;9433;9611;12,05;3554003;28294;26,07934226;33,77168858;0,07125871;116
Tatui;2012;2987681;80;64650;21613;109799;9347;9481;9681;12,28;3554003;28509;25,96471735;33,43078113;0,072541644;116
Tatui;2013;3311741;79;69512;22968;111122;9440;9526;9748;12,5;3554003;28714;25,84006767;33,04177696;0,07092205;116
Tatui;2014;3417706;81;73439;24332;112459;9532;9566;9815;12,73;3554003;28913;25,70981424;33,13225943;0,071821731;116
Tatui;2015;2937909;78;76307;25391;113814;9621;9604;9878;12,96;3554003;29103;25,57066793;33,27479786;0,068866748;116
Tatui;2016;2937909;;;;115049;9323;9692;9921;13,26;3554003;28936;25,15102261;;;116
Taubate;2010;12449701;73;155585;40102;278379;22601;24424;25456;11,38;3554102;72481;26,03680594;25,77497831;0,026176543;98
Taubate;2011;13125859;74;166634;43282;281393;22665;24320;25488;11,71;3554102;72473;25,75508275;25,97429096;0,026276418;98
Taubate;2012;13814210;75;177311;46101;284441;22720;24210;25510;12,04;3554102;72440;25,4674959;26,00007896;0,026399148;98
Taubate;2013;14685906;76;186204;48123;287521;22768;24090;25521;12,38;3554102;72379;25,17346559;25,84423535;0,026380682;98
Taubate;2014;15436985;77;193775;50375;290634;22808;23964;25524;12,73;3554102;72296;24,87527268;25,99664559;0,026597026;98
Taubate;2015;13902532;75;199951;52488;293782;22839;23829;25518;13,08;3554102;72186;24,57128075;26,25043136;0,025437229;98
Taubate;2016;13902532;;;;296449;22149;23860;25383;13,51;3554102;71392;24,08238854;;;98
Tejupa;2010;32944;62;809;104;4813;411;403;364;11,49;3554201;1178;24,47537918;12,85537701;1,277997091;10
Tejupa;2011;39092;62;911;123;4795;423;396;363;11,89;3554201;1182;24,65067779;13,50164654;1,299478624;10
Tejupa;2012;44839;70;1014;143;4776;438;392;364;12,23;3554201;1194;25;14,1025641;1,465661642;10
Tejupa;2013;58610;60;1080;161;4757;450;384;363;12,7;3554201;1197;25,16291781;14,90740741;1,264242169;10
Tejupa;2014;71201;65;1167;164;4739;469;377;362;13,19;3554201;1208;25,49060983;14,05312768;1,362734754;10
Tejupa;2015;49337;61;1233;170;4721;474;371;361;13,68;3554201;1206;25,54543529;13,78751014;1,291251853;10
Tejupa;2016;49337;;;;4716;467;385;357;14,08;3554201;1209;25,63613232;;;10
Teodoro Sampaio;2010;295563;64;6870;2041;21374;1858;1872;1801;10,51;3554300;5531;25,87723402;29,70887918;0,300224572;35
Teodoro Sampaio;2011;368264;70;7583;2325;21484;1881;1862;1806;10,8;3554300;5549;25,82852355;30,66068838;0,324799851;35
Teodoro Sampaio;2012;415750;67;8326;2513;21595;1904;1849;1810;11,1;3554300;5563;25,76059273;30,18256065;0,312201899;35
Teodoro Sampaio;2013;488245;71;9115;2705;21706;1924;1837;1813;11,42;3554300;5574;25,67953561;29,67635765;0,326637796;35
Teodoro Sampaio;2014;497215;72;9773;2891;21818;1947;1822;1815;11,73;3554300;5584;25,59354661;29,58150005;0,332202768;35
Teodoro Sampaio;2015;413007;70;10515;3073;21930;1965;1808;1816;12,07;3554300;5589;25,48563611;29,22491679;0,317145463;35
Teodoro Sampaio;2016;413007;;;;22026;1903;1831;1806;12,45;3554300;5540;25,15209298;;;35
Terra Roxa;2010;94326;74;3026;483;8498;725;755;759;12,8;3554409;2239;26,34737585;15,96166557;0,870204754;11
Terra Roxa;2011;86594;76;3259;549;8562;717;752;768;13,01;3554409;2237;26,12707311;16,84565818;0,887643074;11
Terra Roxa;2012;101079;69;3523;623;8626;708;750;766;13,24;3554409;2224;25,78251797;17,68379222;0,805124044;11
Terra Roxa;2013;110058;71;3784;686;8690;700;747;773;13,46;3554409;2220;25,54660529;18,12896406;0,811622555;11
Terra Roxa;2014;108026;65;3943;696;8754;691;741;774;13,73;3554409;2206;25,19990861;17,65153436;0,743774275;11
Terra Roxa;2015;100017;55;4081;724;8820;684;738;769;13,97;3554409;2191;24,84126984;17,74074982;0,626077098;11
Terra Roxa;2016;100017;;;;8880;668;729;765;14,4;3554409;2162;24,34684685;;;11
Tiete;2010;1283861;85;19482;3857;36789;2952;3332;3355;13,18;3554508;9639;26,20076653;19,79776204;0,229878496;77
Tiete;2011;1450357;84;21014;4187;37227;2957;3300;3400;13,37;3554508;9657;25,94084938;19,92481203;0,225186021;77
Tiete;2012;1417808;80;22423;4472;37670;2961;3268;3442;13,57;3554508;9671;25,6729493;19,9438077;0,212529865;77
Tiete;2013;1554004;79;23629;4715;38118;2963;3233;3485;13,77;3554508;9681;25,39745002;19,95429345;0,207015059;77
Tiete;2014;1640139;78;24699;5023;38571;2964;3198;3530;13,97;3554508;9692;25,1276866;20,33685574;0,201031863;77
Tiete;2015;1469234;74;25522;5225;39031;2965;3164;3570;14,18;3554508;9699;24,84947862;20,4725335;0,190822679;77
Tiete;2016;1469234;;;;39431;2880;3162;3532;14,48;3554508;9574;24,28038853;;;77
Timburi;2010;23068;80;760;84;2647;211;184;168;16,85;3554607;563;21,26936154;11,05263158;3,022289384;18
Timburi;2011;26366;80;828;95;2637;214;187;169;17,22;3554607;570;21,61547213;11,47342995;3,039438756;18
Timburi;2012;26890;66;908;106;2626;220;192;171;17,56;3554607;583;22,20106626;11,67400881;2,500761615;18
Timburi;2013;32695;64;984;119;2616;217;196;172;18;3554607;585;22,36238532;12,09349593;2,440749235;18
Timburi;2014;37836;60;1063;124;2605;226;198;173;18,46;3554607;597;22,91746641;11,66509878;2,291746641;18
Timburi;2015;29371;60;1120;128;2595;219;202;174;18,96;3554607;595;22,92870906;11,42857143;2,312138728;18
Timburi;2016;29371;;;;2587;214;204;177;19,37;3554607;595;22,99961345;;;18
Torre de Pedra;2010;13985;77;730;118;2253;183;147;138;17,4;3554656;468;20,7723036;16,16438356;3,417221482;
Torre de Pedra;2011;14404;75;814;141;2260;186;154;140;17,65;3554656;480;21,23893805;17,32186732;3,299115044;
Torre de Pedra;2012;16886;73;908;161;2266;198;162;142;17,87;3554656;502;22,15357458;17,73127753;3,219329214;
Torre de Pedra;2013;23579;66;1024;173;2273;200;169;144;18,13;3554656;513;22,56929168;16,89453125;2,908930928;
Torre de Pedra;2014;21224;70;1120;194;2279;203;177;146;18,43;3554656;526;23,08029838;17,32142857;3,082492321;
Torre de Pedra;2015;18016;66;1201;219;2286;200;185;149;18,81;3554656;534;23,35958005;18,23480433;2,879702537;
Torre de Pedra;2016;18016;;;;2293;198;188;156;18,88;3554656;542;23,63715656;;;
Torrinha;2010;119327;65;4985;581;9326;776;839;747;16,19;3554706;2362;25,32704268;11,65496489;0,694402745;31
Torrinha;2011;135361;59;5367;650;9365;759;837;769;16,41;3554706;2365;25,25360384;12,111049;0,631500267;31
Torrinha;2012;146139;66;5722;697;9403;742;817;790;16,7;3554706;2349;24,98138892;12,18105557;0,696692545;31
Torrinha;2013;146931;60;6088;738;9442;724;810;804;16,96;3554706;2338;24,76170303;12,12220762;0,630374921;31
Torrinha;2014;167116;64;6418;780;9481;707;799;838;17,25;3554706;2344;24,72313047;12,15331879;0,670498893;31
Torrinha;2015;142975;67;6632;822;9520;689;789;854;17,54;3554706;2332;24,49579832;12,39445115;0,704726891;31
Torrinha;2016;142975;;;;9558;658;771;852;17,91;3554706;2281;23,86482528;;;31
Trabiju;2010;25409;56;457;36;1543;145;128;121;13,03;3554755;394;25,53467272;7,877461707;3,64095917;5
Trabiju;2011;28439;70;528;48;1558;152;132;123;13,29;3554755;407;26,12323492;9,090909091;4,485879332;5
Trabiju;2012;29126;78;580;59;1574;151;137;126;13,66;3554755;414;26,30241423;10,17241379;4,972045743;5
Trabiju;2013;34223;84;617;56;1589;153;141;128;13,91;3554755;422;26,55758339;9,076175041;5,256135935;5
Trabiju;2014;33251;88;677;60;1605;155;145;129;14,21;3554755;429;26,72897196;8,862629247;5,493457944;5
Trabiju;2015;30090;76;725;66;1621;153;149;132;14,62;3554755;434;26,77359655;9,103448276;4,713140037;5
Trabiju;2016;30090;;;;1637;145;156;136;14,97;3554755;437;26,6951741;;;5
Tremembe;2010;409012;52;12081;3012;40928;3176;3956;4187;9,81;3554805;11319;27,6558835;24,93171095;0,126710321;34
Tremembe;2011;470287;52;13167;3275;41473;3236;4013;4238;10,15;3554805;11487;27,69753816;24,87278803;0,1242254;34
Tremembe;2012;513508;49;14742;3608;42027;3298;4068;4281;10,51;3554805;11647;27,71313679;24,47429114;0,116353773;34
Tremembe;2013;538166;52;16066;3798;42588;3359;4122;4328;10,87;3554805;11809;27,72846811;23,63998506;0,121466141;34
Tremembe;2014;606633;55;17148;3935;43157;3418;4176;4375;11,25;3554805;11969;27,73362375;22,94728248;0,128067289;34
Tremembe;2015;507521;53;18184;4099;43736;3478;4227;4419;11,63;3554805;12124;27,72087068;22,54179498;0,121273093;34
Tremembe;2016;507521;;;;44174;3379;4282;4459;12,04;3554805;12120;27,43695386;;;34
Tres Fronteiras;2010;65991;63;2195;537;5425;416;383;402;18,84;3554904;1201;22,13824885;24,46469248;1,153917051;36
Tres Fronteiras;2011;62519;61;2417;621;5439;426;391;400;19,14;3554904;1217;22,37543666;25,69300786;1,125942269;36
Tres Fronteiras;2012;73816;64;2703;701;5452;430;399;397;19,46;3554904;1226;22,48716067;25,93414724;1,177549523;36
Tres Fronteiras;2013;72126;67;2977;775;5465;431;408;395;19,76;3554904;1234;22,58005489;26,03291905;1,222323879;36
Tres Fronteiras;2014;85489;70;3204;824;5478;431;416;393;20,14;3554904;1240;22,63599854;25,71785268;1,277108434;36
Tres Fronteiras;2015;71988;75;3397;869;5492;429;424;391;20,48;3554904;1244;22,65112891;25,58139535;1,369264385;36
Tres Fronteiras;2016;71988;;;;5503;401;432;399;20,75;3554904;1232;22,38778848;;;36
Tuiuti;2010;116129;69;1906;565;5921;429;482;450;17,18;3554953;1361;22,9859821;29,6432319;1,159432528;15
Tuiuti;2011;105968;72;2131;607;5989;434;480;465;17,48;3554953;1379;23,02554684;28,48427968;1,206712306;15
Tuiuti;2012;96793;71;2420;679;6057;440;480;482;17,83;3554953;1402;23,14677233;28,05785124;1,168400198;15
Tuiuti;2013;103514;65;2687;719;6127;445;478;505;18,17;3554953;1428;23,30667537;26,75846669;1,059082748;15
Tuiuti;2014;107264;60;2877;755;6197;451;475;522;18,53;3554953;1448;23,36614491;26,24261383;0,968210424;15
Tuiuti;2015;105934;61;2962;766;6268;457;474;531;18,89;3554953;1462;23,32482451;25,86090479;0,969049138;15
Tuiuti;2016;105934;;;;6325;444;477;537;19,15;3554953;1458;23,0513834;;;15
Tupa;2010;1005875;80;37771;11937;63475;4593;5002;5096;17,29;3555000;14691;23,1445451;31,60361124;0,126601024;30
Tupa;2011;1168395;84;40465;12932;63402;4529;4893;5047;17,61;3555000;14469;22,82104665;31,95848264;0,132188259;30
Tupa;2012;1331560;87;43178;13842;63329;4466;4786;5002;17,93;3555000;14254;22,5078558;32,0579925;0,137172543;30
Tupa;2013;1457290;86;46074;14696;63256;4402;4680;4952;18,25;3555000;14034;22,18603769;31,8965143;0,135560263;30
Tupa;2014;1554497;85;48342;15480;63184;4337;4574;4903;18,57;3555000;13814;21,86312991;32,02184436;0,134749304;30
Tupa;2015;1303523;88;50021;16004;63111;4273;4471;4852;18,9;3555000;13596;21,54299567;31,99456228;0,139215034;30
Tupa;2016;1303523;;;;63057;4135;4421;4759;19,33;3555000;13315;21,11581585;;;30
Tupi Paulista;2010;173506;86;6663;1456;14261;962;1111;1239;18,51;3555109;3312;23,22417783;21,85201861;0,603744478;46
Tupi Paulista;2011;187397;85;7236;1609;14359;948;1130;1282;18,8;3555109;3360;23,39995821;22,23604201;0,592381085;46
Tupi Paulista;2012;208070;85;7789;1721;14457;934;1149;1325;19,11;3555109;3408;23,57335547;22,09526255;0,585875354;46
Tupi Paulista;2013;236063;83;8289;1839;14557;919;1168;1374;19,39;3555109;3461;23,77550319;22,18602968;0,568729821;46
Tupi Paulista;2014;248337;82;8690;1930;14657;903;1187;1425;19,68;3555109;3515;23,98171522;22,20943613;0,561369994;46
Tupi Paulista;2015;210675;78;9094;2030;14762;888;1206;1473;19,98;3555109;3567;24,16339249;22,32241038;0,530212708;46
Tupi Paulista;2016;210675;;;;14783;839;1186;1479;20,4;3555109;3504;23,70290198;;;46
Turiuba;2010;35405;80;762;149;1930;143;143;122;20,16;3555208;408;21,13989637;19,55380577;4,14507772;15
Turiuba;2011;37235;99;837;167;1930;138;143;126;20,62;3555208;407;21,0880829;19,95221027;5,11761658;15
Turiuba;2012;30881;69;887;177;1928;133;142;130;21,11;3555208;405;21,00622407;19,95490417;3,590767635;15
Turiuba;2013;30949;75;946;190;1928;130;149;134;21,68;3555208;413;21,42116183;20,0845666;3,872925311;15
Turiuba;2014;30279;75;1009;204;1926;124;147;138;22,22;3555208;409;21,2357217;20,21803766;3,912772586;15
Turiuba;2015;32950;81;1042;207;1926;120;143;143;22,79;3555208;406;21,07995846;19,86564299;4,199376947;15
Turiuba;2016;32950;;;;1923;114;138;143;23,14;3555208;395;20,54082163;;;15
Turmalina;2010;29706;63;759;102;1981;160;147;91;21,4;3555307;398;20,0908632;13,43873518;3,154972236;26
Turmalina;2011;30231;62;838;112;1962;154;147;99;21,81;3555307;400;20,38735984;13,36515513;3,171253823;26
Turmalina;2012;31137;52;893;121;1942;149;148;107;22,4;3555307;404;20,80329557;13,54983203;2,66323378;26
Turmalina;2013;31757;70;982;127;1923;143;149;118;23,04;3555307;410;21,32085283;12,93279022;3,633905356;26
Turmalina;2014;41310;69;1031;126;1904;136;150;126;23,11;3555307;412;21,63865546;12,22114452;3,636029412;26
Turmalina;2015;32828;78;1070;131;1885;130;150;137;23,71;3555307;417;22,12201592;12,24299065;4,158090186;26
Turmalina;2016;32828;;;;1869;122;145;138;24,45;3555307;405;21,66934189;;;26
Ubarana;2010;261152;64;1816;334;5279;445;462;473;9,76;3555356;1380;26,14131464;18,39207048;1,204205342;23
Ubarana;2011;288490;60;2011;353;5359;458;465;478;10,06;3555356;1401;26,14293712;17,55345599;1,111587983;23
Ubarana;2012;293715;65;2180;387;5440;471;469;492;10,33;3555356;1432;26,32352941;17,75229358;1,195220588;23
Ubarana;2013;290566;74;2342;422;5523;486;474;498;10,66;3555356;1458;26,39869636;18,01878736;1,34872352;23
Ubarana;2014;207542;67;2487;444;5607;504;478;495;10,99;3555356;1477;26,34207241;17,85283474;1,200820403;23
Ubarana;2015;268293;60;2602;465;5691;514;482;500;11,32;3555356;1496;26,28712001;17,87086856;1,048673344;23
Ubarana;2016;268293;;;;5764;513;493;502;11,59;3555356;1508;26,16238723;;;23
Ubatuba;2010;896600;73;24227;8773;78693;6994;6537;6692;9,7;3555406;20223;25,69860089;36,21166467;0,092689312;98
Ubatuba;2011;1042988;69;26809;9705;79706;7151;6695;6739;10,01;3555406;20585;25,82616114;36,20052967;0,087107621;98
Ubatuba;2012;1198119;72;29892;10726;80732;7310;6855;6783;10,34;3555406;20948;25,94757965;35,88251037;0,08950602;98
Ubatuba;2013;1463236;71;32880;11540;81771;7467;7015;6824;10,67;3555406;21306;26,05569212;35,0973236;0,086888995;98
Ubatuba;2014;1658499;72;35688;12377;82823;7619;7175;6860;11,01;3555406;21654;26,14491144;34,68112531;0,086389047;98
Ubatuba;2015;1251888;68;38756;13283;83890;7772;7334;6894;11,35;3555406;22000;26,22481821;34,27340283;0,080796281;98
Ubatuba;2016;1251888;;;;84872;7475;7488;7051;11,73;3555406;22014;25,93788293;;;98
Ubirajara;2010;40284;70;1424;288;4425;354;381;378;14,21;3555505;1113;25,15254237;20,2247191;1,591412429;6
Ubirajara;2011;44200;70;1539;303;4449;359;375;386;14,54;3555505;1120;25,17419645;19,68810916;1,565070802;6
Ubirajara;2012;48148;75;1706;334;4473;364;370;383;14,93;3555505;1117;24,97205455;19,57796014;1,671585066;6
Ubirajara;2013;49661;75;1884;368;4498;370;364;384;15,32;3555505;1118;24,85549133;19,5329087;1,662294353;6
Ubirajara;2014;62289;64;2035;378;4522;375;358;385;15,75;3555505;1118;24,72357364;18,57493857;1,421716055;6
Ubirajara;2015;48916;71;2183;399;4547;380;352;379;16,16;3555505;1111;24,43369254;18,27759963;1,572245437;6
Ubirajara;2016;48916;;;;4570;368;357;373;16,56;3555505;1098;24,02625821;;;6
Uchoa;2010;191801;66;4063;822;9467;730;835;733;16,57;3555604;2298;24,27379318;20,23135614;0,695045949;32
Uchoa;2011;201036;72;4363;897;9491;715;822;755;16,84;3555604;2292;24,14919397;20,55924822;0,754082815;32
Uchoa;2012;226615;64;4786;998;9515;699;798;776;17,13;3555604;2273;23,88859695;20,85248642;0,670415134;32
Uchoa;2013;239301;61;5143;1099;9539;684;778;800;17,41;3555604;2262;23,71317748;21,36885087;0,641052521;32
Uchoa;2014;241871;63;5405;1173;9564;669;757;828;17,71;3555604;2254;23,56754496;21,70212766;0,6604977;32
Uchoa;2015;220125;58;5617;1218;9588;654;739;843;18,01;3555604;2236;23,32081769;21,68417305;0,603358365;32
Uchoa;2016;220125;;;;9607;636;722;832;18,44;3555604;2190;22,79587801;;;32
Uniao Paulista;2010;30802;71;715;148;1597;120;124;151;14,4;3555703;395;24,73387602;20,6993007;4,460237946;7
Uniao Paulista;2011;32102;61;771;171;1611;123;124;151;14,53;3555703;398;24,70515208;22,17898833;3,774674115;7
Uniao Paulista;2012;36902;55;849;176;1627;126;125;142;14,81;3555703;393;24,15488629;20,73027091;3,360172096;7
Uniao Paulista;2013;39511;57;941;187;1642;130;125;137;15,04;3555703;392;23,87332521;19,87247609;3,468940317;7
Uniao Paulista;2014;36026;61;984;190;1656;133;126;134;15,28;3555703;393;23,73188406;19,30894309;3,698671498;7
Uniao Paulista;2015;35069;73;1013;193;1672;136;126;130;15,55;3555703;392;23,44497608;19,05231984;4,376196172;7
Uniao Paulista;2016;35069;;;;1686;131;129;130;15,6;3555703;390;23,1316726;;;7
Urania;2010;120647;61;4399;956;8836;651;669;712;17,34;3555802;2032;22,99683115;21,73221187;0,686057039;27
Urania;2011;136545;66;4803;1056;8816;637;662;707;17,77;3555802;2006;22,75408348;21,98625859;0,748185118;27
Urania;2012;139934;68;5209;1161;8796;623;654;693;18,22;3555802;1970;22,39654388;22,28834709;0,776375625;27
Urania;2013;153912;62;5703;1243;8775;609;647;673;18,7;3555802;1929;21,98290598;21,7955462;0,702792023;27
Urania;2014;155532;61;5976;1308;8755;597;638;658;19,17;3555802;1893;21,62193033;21,8875502;0,700856653;27
Urania;2015;141314;52;6119;1348;8735;584;631;645;19,67;3555802;1860;21,29364625;22,02974342;0,595649685;27
Urania;2016;141314;;;;8710;572;618;638;20,24;3555802;1828;20,98737084;;;27
Uru;2010;20749;102;568;102;1252;83;117;95;16,13;3555901;295;23,56230032;17,95774648;8,160543131;5
Uru;2011;21250;102;585;104;1246;83;116;98;16,45;3555901;297;23,83627608;17,77777778;8,192616372;5
Uru;2012;19765;108;642;109;1241;84;99;110;17;3555901;293;23,60999194;16,97819315;8,715551974;5
Uru;2013;21140;86;669;114;1234;84;92;110;17,42;3555901;286;23,17666126;17,04035874;6,9910859;5
Uru;2014;23726;102;704;116;1229;85;85;110;18,06;3555901;280;22,7827502;16,47727273;8,296175753;5
Uru;2015;21326;98;715;112;1223;85;78;110;18,56;3555901;273;22,32215863;15,66433566;8,019623876;5
Uru;2016;21326;;;;1219;83;79;106;19,03;3555901;268;21,9852338;;;5
Urupes;2010;164050;80;6566;1186;12706;952;1027;1056;17,21;3556008;3035;23,8863529;18,06274749;0,632693216;18
Urupes;2011;181364;83;7135;1322;12756;936;1017;1063;17,52;3556008;3016;23,64377548;18,52838122;0,648792725;18
Urupes;2012;208123;90;7639;1439;12806;920;1007;1054;17,87;3556008;2981;23,27815087;18,83754418;0,699750117;18
Urupes;2013;243934;89;8157;1532;12856;904;997;1056;18,2;3556008;2957;23,00093342;18,78141474;0,694383945;18
Urupes;2014;276296;88;8638;1629;12906;887;985;1059;18,55;3556008;2931;22,71036727;18,85853207;0,685107702;18
Urupes;2015;214753;89;8855;1686;12956;870;975;1054;18,91;3556008;2899;22,37573325;19,04009034;0,688252547;18
Urupes;2016;214753;;;;12997;844;958;1044;19,25;3556008;2846;21,89736093;;;18
Valentim Gentil;2010;207896;69;4955;1320;11013;899;1028;998;12,61;3556107;2925;26,55952057;26,63975782;0,628983928;11
Valentim Gentil;2011;231040;68;5628;1539;11193;897;1023;1030;12,82;3556107;2950;26,35575806;27,34541578;0,60412758;11
Valentim Gentil;2012;251127;68;6286;1732;11377;895;1019;1055;13,04;3556107;2969;26,0965105;27,55329303;0,597257625;11
Valentim Gentil;2013;282431;61;6864;1883;11563;892;1012;1079;13,28;3556107;2983;25,79780334;27,43298368;0,531522961;11
Valentim Gentil;2014;305017;66;7382;2033;11752;889;1007;1112;13,49;3556107;3008;25,59564329;27,53996207;0,559053778;11
Valentim Gentil;2015;255502;69;7758;2187;11945;884;1000;1140;13,73;3556107;3024;25,31603181;28,19025522;0,575470908;11
Valentim Gentil;2016;255502;;;;12106;864;994;1138;14,14;3556107;2996;24,74805881;;;11
Valinhos;2010;3937796;94;70291;10675;106569;7870;9029;9377;12,04;3556206;26276;24,65632595;15,18686603;0,08796179;59
Valinhos;2011;4356621;89;75318;11469;108678;7958;9035;9566;12,36;3556206;26559;24,43824877;15,22743567;0,081902501;59
Valinhos;2012;4520986;93;80324;11959;110829;8044;9037;9752;12,68;3556206;26833;24,21117217;14,88845177;0,083588231;59
Valinhos;2013;5080807;93;84342;12166;113022;8128;9036;9939;13,01;3556206;27103;23,98028702;14,42460459;0,082585691;59
Valinhos;2014;5338650;91;88083;12451;115258;8210;9031;10127;13,35;3556206;27368;23,7449895;14,13553126;0,079178886;59
Valinhos;2015;4646972;86;90860;12816;117540;8291;9023;10313;13,69;3556206;27627;23,50433895;14,10521682;0,072996427;59
Valinhos;2016;4646972;;;;118947;8071;9034;10237;14,16;3556206;27342;22,98670837;;;59
Valparaiso;2010;495120;65;7355;1305;22539;1768;2150;2510;10,69;3556305;6428;28,51945517;17,74303195;0,290341186;33
Valparaiso;2011;529223;70;8032;1424;22689;1748;2126;2533;10,88;3556305;6407;28,23835339;17,72908367;0,308739918;33
Valparaiso;2012;573780;71;8636;1525;22841;1727;2101;2558;11,09;3556305;6386;27,95849569;17,65863826;0,312201742;33
Valparaiso;2013;666310;71;9478;1641;22993;1705;2075;2577;11,3;3556305;6357;27,6475449;17,31377928;0,309920411;33
Valparaiso;2014;693268;68;10191;1770;23147;1685;2051;2594;11,49;3556305;6330;27,34695641;17,36826612;0,291700868;33
Valparaiso;2015;591540;52;10702;1867;23302;1663;2025;2616;11,71;3556305;6304;27,0534718;17,44533732;0,224186765;33
Valparaiso;2016;591540;;;;23438;1614;2005;2589;12,02;3556305;6208;26,48690161;;;33
Vargem;2010;57084;62;3468;699;8784;695;751;720;14,89;3556354;2166;24,65846995;20,15570934;0,703324226;17
Vargem;2011;64497;66;3972;828;8907;714;767;742;15,16;3556354;2223;24,95789828;20,84592145;0,742337487;17
Vargem;2012;75775;67;4333;875;9032;735;763;765;15,42;3556354;2263;25,05535872;20,19386107;0,742360496;17
Vargem;2013;92576;64;4742;940;9159;756;768;785;15,7;3556354;2309;25,21017578;19,82285955;0,702805983;17
Vargem;2014;99254;65;5049;985;9287;774;772;822;16;3556354;2368;25,49800797;19,50881363;0,703779477;17
Vargem;2015;77837;56;5349;1036;9417;795;777;837;16,32;3556354;2409;25,58139535;19,36810619;0,590740151;17
Vargem;2016;77837;;;;9531;769;795;853;16,48;3556354;2417;25,35935369;;;17
Vargem Grande do Sul;2010;445975;59;18935;4614;39240;3172;3315;3327;12,82;3556404;9814;25,01019368;24,36757328;0,151299694;46
Vargem Grande do Sul;2011;515517;61;20444;5032;39477;3172;3283;3321;13,13;3556404;9776;24,76378651;24,61357856;0,155356283;46
Vargem Grande do Sul;2012;606764;65;21921;5410;39716;3173;3252;3314;13,45;3556404;9739;24,52160338;24,67953104;0,164266291;46
Vargem Grande do Sul;2013;706058;65;23447;5820;39957;3170;3219;3308;13,77;3556404;9697;24,26858873;24,82193884;0,163625898;46
Vargem Grande do Sul;2014;759352;65;24751;6127;40199;3168;3184;3297;14,1;3556404;9649;24,00308465;24,75455537;0,161446802;46
Vargem Grande do Sul;2015;77837;62;25679;6365;40443;3165;3150;3288;14,44;3556404;9603;23,74452934;24,78679076;0,154365403;46
Vargem Grande do Sul;2016;77837;;;;40652;3075;3151;3257;14,87;3556404;9483;23,32726557;;;46
Vargem Grande Paulista;2010;910940;76;17316;2558;42899;3569;3784;3973;8,77;3556453;11326;26,40154782;14,77246477;0,176833959;17
Vargem Grande Paulista;2011;1087536;81;19966;2914;43871;3683;3821;4020;9,07;3556453;11524;26,26792186;14,59481118;0,184586629;17
Vargem Grande Paulista;2012;1277721;79;22165;3209;44865;3799;3857;4060;9,38;3556453;11716;26,11389725;14,47778028;0,175638025;17
Vargem Grande Paulista;2013;1425122;78;23951;3391;45882;3915;3889;4103;9,7;3556453;11907;25,95135347;14,15807273;0,169216686;17
Vargem Grande Paulista;2014;1532991;79;25515;3610;46921;4033;3922;4149;10,03;3556453;12104;25,79655165;14,14854007;0,169348479;17
Vargem Grande Paulista;2015;1246862;79;26644;3704;47985;4154;3952;4189;10,36;3556453;12295;25,62259039;13,90181654;0,16492654;17
Vargem Grande Paulista;2016;1246862;;;;48905;4066;4061;4221;10,68;3556453;12348;25,24895205;;;17
Varzea Paulista;2010;1837457;63;43118;10502;106961;9424;10507;10545;7,76;3556503;30476;28,49262815;24,35641727;0,05846991;4
Varzea Paulista;2011;2026137;62;47420;11546;108400;9411;10342;10602;8,15;3556503;30355;28,00276753;24,34837621;0,057084871;4
Varzea Paulista;2012;2144553;61;51528;12373;109858;9394;10174;10655;8,55;3556503;30223;27,51096871;24,01218755;0,055617251;4
Varzea Paulista;2013;2332727;63;55098;12951;111336;9370;10003;10697;8,98;3556503;30070;27,00833513;23,5053904;0,056289071;4
Varzea Paulista;2014;2344124;63;58253;13511;112833;9341;9828;10733;9,41;3556503;29902;26,50111226;23,19365526;0,056127197;4
Varzea Paulista;2015;2137000;61;60817;13922;114351;9307;9652;10765;9,87;3556503;29724;25,99365113;22,8916257;0,053327037;4
Varzea Paulista;2016;2137000;;;;115562;9068;9615;10572;10,39;3556503;29255;25,3154151;;;4
Vera Cruz;2010;86461;93;4010;764;10772;911;854;785;16,42;3556602;2550;23,67248422;19,05236908;0,860564426;23
Vera Cruz;2011;83710;73;4376;869;10742;900;858;791;16,67;3556602;2549;23,72928691;19,8583181;0,675293241;23
Vera Cruz;2012;104043;90;4642;923;10712;887;863;796;16,92;3556602;2546;23,76773712;19,88367083;0,841766243;23
Vera Cruz;2013;106822;81;4989;990;10683;874;865;801;17,19;3556602;2540;23,77609286;19,84365604;0,755312178;23
Vera Cruz;2014;119395;82;5258;1040;10654;849;876;805;17,47;3556602;2530;23,7469495;19,7793838;0,767786747;23
Vera Cruz;2015;100086;82;5479;1085;10624;835;871;810;17,74;3556602;2516;23,68222892;19,80288374;0,770613705;23
Vera Cruz;2016;100086;;;;10604;804;867;815;18,1;3556602;2486;23,4439834;;;23
Vinhedo;2010;4623768;76;45886;7966;63453;4674;5683;6106;11,43;3556701;16463;25,94518778;17,36041494;0,119411218;25
Vinhedo;2011;5189338;79;50144;8657;64901;4767;5631;6190;11,72;3556701;16588;25,55892821;17,26427888;0,121169165;25
Vinhedo;2012;5739624;83;54081;9179;66383;4859;5580;6277;12,01;3556701;16716;25,18114578;16,97268911;0,124956691;25
Vinhedo;2013;6717859;86;57121;9341;67899;4952;5524;6359;12,3;3556701;16835;24,79417959;16,35300502;0,126334703;25
Vinhedo;2014;7306490;87;58391;9413;69449;5044;5468;6444;12,6;3556701;16956;24,41503837;16,12063503;0,125574162;25
Vinhedo;2015;5915416;79;59144;9480;71035;5136;5410;6523;12,91;3556701;17069;24,02899979;16,02867577;0,111142395;25
Vinhedo;2016;5915416;;;;72287;5058;5479;6445;13,32;3556701;16982;23,49246753;;;25
Viradouro;2010;178895;71;7602;1792;17285;1542;1591;1598;12,96;3556800;4731;27,3705525;23,57274401;0,411802141;21
Viradouro;2011;205984;70;8385;2102;17397;1519;1582;1596;13,23;3556800;4697;26,99890786;25,06857484;0,402368224;21
Viradouro;2012;220541;63;9140;2364;17510;1495;1572;1594;13,54;3556800;4661;26,61907481;25,8643326;0,360422616;21
Viradouro;2013;244949;62;9779;2551;17624;1470;1562;1594;13,83;3556800;4626;26,24829778;26,08651191;0,352644122;21
Viradouro;2014;253587;68;10232;2634;17739;1447;1551;1592;14,11;3556800;4590;25,87519026;25,74276779;0,381363098;21
Viradouro;2015;220791;74;10539;2643;17854;1421;1539;1588;14,41;3556800;4548;25,4732833;25,07828067;0,414136888;21
Viradouro;2016;220791;;;;17952;1367;1516;1579;14,77;3556800;4462;24,85516934;;;21
Vista Alegre do Alto;2010;200081;57;3137;437;6865;584;752;715;11;3556909;2051;29,87618354;13,93050685;0,831172615;10
Vista Alegre do Alto;2011;220518;59;3443;513;6986;581;731;739;11,21;3556909;2051;29,35871743;14,89979669;0,837532207;10
Vista Alegre do Alto;2012;264069;60;3770;577;7109;577;709;766;11,45;3556909;2052;28,86481924;15,30503979;0,847376565;10
Vista Alegre do Alto;2013;270327;57;4149;620;7236;575;690;787;11,65;3556909;2052;28,35820896;14,94335985;0,792703151;10
Vista Alegre do Alto;2014;285673;58;4471;686;7363;571;670;811;11,91;3556909;2052;27,86907511;15,34332364;0,78364797;10
Vista Alegre do Alto;2015;248134;58;4631;697;7493;566;651;830;12,16;3556909;2047;27,31883091;15,05074498;0,768984385;10
Vista Alegre do Alto;2016;248134;;;;7595;551;645;812;12,44;3556909;2008;26,43844635;;;10
Vitoria Brasil;2010;16089;62;620;160;1736;145;149;145;15,44;3556958;439;25,28801843;25,80645161;3,591589862;12
Vitoria Brasil;2011;16861;47;672;168;1739;139;150;146;15,81;3556958;435;25,01437608;25;2,697527315;12
Vitoria Brasil;2012;19388;40;720;173;1742;133;153;146;16,13;3556958;432;24,79908152;24,02777778;2,311136625;12
Vitoria Brasil;2013;21816;61;750;175;1745;128;145;152;16,56;3556958;425;24,35530086;23,33333333;3,484813754;12
Vitoria Brasil;2014;24593;65;805;183;1748;123;144;152;16,88;3556958;419;23,97025172;22,73291925;3,706521739;12
Vitoria Brasil;2015;19749;64;878;198;1751;118;143;147;17,42;3556958;408;23,30097087;22,55125285;3,665334095;12
Vitoria Brasil;2016;19749;;;;1752;115;137;148;17,87;3556958;400;22,83105023;;;12
Votorantim;2010;2042691;59;45364;10797;108695;9432;10001;10227;9,62;3557006;29660;27,28736372;23,80081122;0,054344726;28
Votorantim;2011;2094207;64;49572;11959;109820;9494;9926;10224;9,95;3557006;29644;26,9932617;24,12450577;0,05793116;28
Votorantim;2012;2482293;66;52808;12649;110957;9551;9848;10220;10,29;3557006;29619;26,69412475;23,95281018;0,059527565;28
Votorantim;2013;2975838;69;56235;13284;112104;9605;9764;10206;10,64;3557006;29575;26,38175266;23,62229928;0,061175337;28
Votorantim;2014;4708770;70;59846;13911;113264;9655;9679;10188;11;3557006;29522;26,06476904;23,2446613;0,062058553;28
Votorantim;2015;2860760;67;62592;14367;114437;9700;9589;10168;11,36;3557006;29457;25,74080062;22,95341258;0,058398944;28
Votorantim;2016;2860760;;;;115495;9418;9652;10095;11,8;3557006;29165;25,25217542;;;28
Votuporanga;2010;1520497;81;58022;21174;84612;6331;7346;7287;14,72;3557105;20964;24,77662743;36,49305436;0,095884744;56
Votuporanga;2011;1695245;84;62900;23025;85371;6271;7233;7401;15,05;3557105;20905;24,48723806;36,60572337;0,097913811;56
Votuporanga;2012;1949656;83;67828;24582;86138;6209;7118;7513;15,4;3557105;20840;24,19373563;36,24167011;0,096101604;56
Votuporanga;2013;2262838;86;72380;25933;86910;6144;7003;7625;15,73;3557105;20772;23,90058681;35,82895828;0,099447705;56
Votuporanga;2014;2462573;88;75729;26844;87690;6079;6886;7737;16,07;3557105;20702;23,60816513;35,44745078;0,1;56
Votuporanga;2015;1978162;88;78179;27496;88477;6012;6770;7849;16,41;3557105;20631;23,31792443;35,1705701;0,098895758;56
Votuporanga;2016;1978162;;;;89124;5805;6698;7726;16,87;3557105;20229;22,69758987;;;56
Zacarias;2010;57802;66;1000;251;2331;163;181;212;15,44;3557154;556;23,85242385;25,1;2,830544831;
Zacarias;2011;59278;61;1101;272;2356;166;180;215;15,75;3557154;561;23,81154499;24,70481381;2,589134126;
Zacarias;2012;62807;61;1202;290;2381;170;180;215;15,96;3557154;565;23,72952541;24,12645591;2,578328433;
Zacarias;2013;64044;61;1274;293;2407;173;180;205;16,33;3557154;558;23,18238471;22,99843014;2,516825924;
Zacarias;2014;81572;78;1341;301;2432;176;179;202;16,65;3557154;557;22,90296053;22,44593587;3,211348684;
Zacarias;2015;65101;77;1409;318;2458;180;178;199;17,05;3557154;557;22,66069976;22,56919801;3,147274207;
Zacarias;2016;65101;;;;2478;175;181;198;17,35;3557154;554;22,35673931;;;
